437  4  0
    1      72    38    37   119
    2     101   128    82    83
    3      23    42    22   118
    4      65    46   125   127
    5      51    67     3    50
    6     101   125   128   134
    7      52   130    89   132
    8       1   123   127   130
    9      56    13    12   121
   10      78    61    20    62
   11     128   110   134   135
   12      73    72    71   121
   13     104    87   140   142
   14      37    56    72   119
   15       6    59   115   116
   16     124    79   128   139
   17      44    45    42   118
   18       1     5     9   122
   19      37    36   114   119
   20      98   124   136   141
   21      97   108   136   141
   22       4    12   123   132
   23       6    17   129   136
   24      53    52    12     4
   25       9     5    29   122
   26       5     3     4   123
   27     128    81   134   139
   28       6    60   116    17
   29      30    27    43   120
   30       2     3   123   130
   31      24     5     8   122
   32      79    81   128   139
   33     125   128   134   135
   34      46    47   127   133
   35      25    44   118   120
   36       7     6   129   136
   37      76    98   124   136
   38     135   109   138   141
   39     123   121   131   132
   40     124   109   135   141
   41      69    91    92   132
   42      21    19    61   117
   43     121    73   129   136
   44      80   124    79   128
   45      85    65   127   133
   46      67    52   123   130
   47      26     5    25   122
   48      63    21    61   117
   49      26    29   122   125
   50     123   127   130   142
   51      52     4   123   132
   52      60     6   116    59
   53      92    70   121   137
   54      46    47     9   127
   55      40    57    59   115
   56       8    63   117   118
   57     124   128   135   139
   58     103   102   125   134
   59      25     5    24   122
   60      90   131   132   142
   61     122    25   125   128
   62      91   107   131   140
   63      16    40    59   116
   64       1     5   122   123
   65      31    30    46     9
   66     130   105   132   142
   67      90    89   105   132
   68       8    24    42   118
   69      80    82    25   128
   70       6    59     7   115
   71     108   126   136   141
   72     127   107   140   142
   73      25    82    44   120
   74      72    56    14   119
   75     106    95   121   131
   76       7    58   136    73
   77      73    71    93   121
   78     122   107   127   142
   79     125   102   127   135
   80      84    64    29   125
   81       7    57    14   119
   82      94    95   136   137
   83      60    16    59   116
   84      14    57    38   119
   85      59    40   115   116
   86      61    19    41   116
   87      60    41    17    75
   88      85    84   101   125
   89      98    77   124   126
   90     121    93   136   137
   91       9     1   122   127
   92      57    39    38   119
   93     107   131   140   142
   94      61    19   116   117
   95     124   122   129   141
   96      48     1     2   112
   97     129    94   136   141
   98      57    73     7    14
   99      41    16    60   116
  100      24    25   122   128
  101      89    50    66   130
  102      17     6    75   136
  103      81    83   128   134
  104     124   129   136   141
  105     131    90   132    91
  106      76   124   129   136
  107      87   127   140   142
  108     127    87   130   142
  109      41    19    16   116
  110      38    36    37   119
  111     101    85   125   134
  112      42    25    44   118
  113     102   125   134   135
  114      62    80     8   124
  115      36    35    54   114
  116      87    86   127   133
  117     117    63    23   118
  118      47    50     2   130
  119      41    60    17   116
  120     116    61    18    41
  121      61    41    78    18
  122       5   123   129   131
  123     105    89   130   132
  124      73     7   129   136
  125      49    51     3    50
  126     105   104   140   142
  127      87   104   130   142
  128      49    33   112   113
  129      44    84    43   120
  130      53    51     3   113
  131     102   103   125   127
  132      48    47     1     9
  133     128   100   135   139
  134      95   121   136   137
  135       5    13    14   121
  136      20    61    18   117
  137      56    12    55   121
  138      50     3     2   130
  139      84    44    82   120
  140      87   127   130   133
  141      66   130    88   133
  142     111    48    10   112
  143      52    68    69   132
  144     129   122   131   141
  145      57    40    15   115
  146     122   124   135   141
  147      94    97   136   141
  148      50    49    47     2
  149      18     5    17   129
  150     107   131   135   141
  151      69    68    91   132
  152      69    70    56   132
  153     131   107   138   141
  154      26    84    82   120
  155       5    26    29   122
  156      53    54    34   114
  157      14     5   121   129
  158      27    30    28   120
  159      61    78    20    18
  160       3    49   112   113
  161      54    35    34   114
  162      67    53     3     4
  163      20    62     8   124
  164      47    66    50   130
  165      54    37    36   114
  166     104   105   130   142
  167     109   124   135   139
  168      67    53    51     3
  169      67    52     4   123
  170       5     8   122   124
  171      24    80     8    42
  172      85    64    84   125
  173     130    47    88   133
  174      52    53    67     4
  175     107   122   131   142
  176      79    62    77   124
  177      66   104   130   133
  178      12    55   121   132
  179      43    84    30    26
  180      51    33    49   113
  181      18    41    17   116
  182      48    31    46     9
  183     122   125   127   135
  184      51    11    33   113
  185      61    20     8   117
  186      61   116    18   117
  187      74    94   136   137
  188       5    13   121   123
  189      30    43    26   120
  190       8    20   124   129
  191     121    92   131   132
  192      78    18    76   124
  193      24   122   124   128
  194      30    26    29   120
  195      63    61     8   117
  196     130    52    89    67
  197      44    45   118   120
  198       3    67   123   130
  199      41    78    18    76
  200       5   122   123   131
  201      12     5     4   123
  202      18    76   124   129
  203      67     3    50   130
  204     106    95   131   138
  205       9    30    29   111
  206      72    14    38   119
  207      57    72    73    14
  208     128    79    80    81
  209      29     9   122   125
  210      26    84    29   125
  211      31   111    10    32
  212      71    93   121   137
  213     109   107   135   138
  214      28    30   111   120
  215      18    76   129   136
  216      57    73    58     7
  217      58     7   136     6
  218     100   110   128   135
  219      58     6    59     7
  220      57    58    59     7
  221     125   122   128   135
  222      57    72    14    38
  223      48   111    10    31
  224      66   104    89   130
  225      68    90    91   132
  226      99   124   126   141
  227      56    13    37    12
  228      37    54    12   114
  229     103    85   125   127
  230      46    30    64     9
  231       6     5     7   129
  232     122     5   124   129
  233      89   104   105   130
  234      84    30    26    29
  235      53    34   113   114
  236       4    53   113   114
  237      54    53    12   114
  238      80    25    24   128
  239     107   100   109   135
  240      53    54    12    55
  241      47     1     9   127
  242      52    53    12    55
  243      91   107    92   131
  244      37    56    12    55
  245      54    37    12    55
  246      60    17     6    75
  247      78    77    62   124
  248     131   122   135   141
  249      78    20    18   124
  250     100   128   134   139
  251      83   101   128   134
  252      70    72   121    71
  253     131    90   140   142
  254      48    49    10   112
  255      80    24   124   128
  256      90    91   131   140
  257      76    98    77   124
  258      85    65   125   127
  259      20    18   124   129
  260      70    92   121   132
  261      73     7   121   129
  262     106    92   121   137
  263      92    91   131   132
  264     100   109   135   139
  265       6    58    59    75
  266      60     6    59    75
  267      80    83    82   128
  268     125    82   101   128
  269      64    46     9   125
  270       3    67     4   123
  271      47     1   127   130
  272      55    56   121   132
  273      41    18    17    76
  274      95   106   121   137
  275      41    17    75    76
  276     102   107   127   135
  277     121     5   123   129
  278      85    65    64   125
  279       6    58    75   136
  280     127    47   130   133
  281      80    81    83   128
  282       5     8   124   129
  283     131   123   132   142
  284     122   107   131   135
  285      12   121   123   132
  286      52    12     4   132
  287     107   122   127   135
  288      25    82   125   128
  289      20     5    18   129
  290      42    45    22   118
  291      63    21   117    23
  292      13    37   114   119
  293      52    69    55   132
  294      46    64    65   125
  295     122   124   128   135
  296      49    33    10   112
  297      92   106   121   131
  298      15    57   115   119
  299      64     9    29   125
  300      25    26   122   125
  301      86   103   127   133
  302      90    68    89   132
  303      94    95   131   136
  304     107   135   138   141
  305     122   123   131   142
  306      99   109   124   141
  307     122     1   123   127
  308      26    82   125    25
  309      47    48     1     2
  310     110   100   128   134
  311      43    84    26   120
  312      49    48    47     2
  313      67    50    89   130
  314      20    78    62   124
  315      52   123   130   132
  316       8    24   122   124
  317      52    89    68   132
  318      70    69    92   132
  319     105    90   132   142
  320     124    80    79    62
  321      80    24     8   124
  322      70    72    56   121
  323      65    46   127   133
  324      30    29   111   120
  325       3    49     2   112
  326      53     3     4   113
  327      88    46    65   133
  328      12    52    55   132
  329      78    76    77   124
  330       7    14   121   129
  331       3     5     2   123
  332      51    53    11   113
  333       3    49    50     2
  334      34    11    53   113
  335       1    47     2   130
  336      63    42    23   118
  337      13     5    12   123
  338      39    57    15   119
  339      17    18   129   136
  340      93    73   121   136
  341      26    82    25   120
  342       1     2   123   130
  343      45    43    27   120
  344      30    64     9    29
  345      56    70   121   132
  346      12    53     4   114
  347       5    20     8   129
  348     107   106   131   138
  349       9    48   111   112
  350      46    88    47   133
  351      13    37    12   114
  352      30    84    64    29
  353       1    48     9   112
  354     109    99   124   139
  355      46     9   125   127
  356      31    28    30   111
  357     104    87   130   133
  358       9   122   125   127
  359      17     5     6   129
  360      47    48    46     9
  361       7     5    14   129
  362      61    20    62     8
  363      93    74   136   137
  364      63    61    62     8
  365      47    66   130    88
  366     121    70    71   137
  367      63     8    42   118
  368      82    26   125    84
  369     123   130   132   142
  370      82   125   101    84
  371      13    12   121   123
  372       5     1     2   123
  373     122     5   129   131
  374     103    85   127   133
  375      25    80    24    42
  376     102   107   103   127
  377      73     7    14   121
  378      62    63     8    42
  379      80    62     8    42
  380     129    94   131   136
  381      13    56    14   121
  382      56    13    14   119
  383      69    56    55   132
  384      45    43   120    44
  385      85   103   125   134
  386      82    80    25    44
  387      25    80    42    44
  388     107   106    92   131
  389      56    72    14   121
  390      57     7   115   119
  391      36    38    39   119
  392      13    56    37   119
  393      48    31     9   111
  394      51    49     3   113
  395      72    73    14   121
  396      31    30     9   111
  397      24    25    42   118
  398     123   121   129   131
  399      31    28   111    32
  400      59    57     7   115
  401      49    48     2   112
  402     107   110   100   135
  403     107   102   110   135
  404     110   102   134   135
  405      17    75    76   136
  406      18    17    76   136
  407      95    94   131   138
  408     121   129   131   136
  409      95   121   131   136
  410      96    75    74   136
  411      58    74    75   136
  412      96    74    97   136
  413      75    96    98   136
  414      58    73    74   136
  415      74    94    97   136
  416      96    97   126   136
  417      98    96   126   136
  418      75    98    76   136
  419      74    73    93   136
  420     123   122   127   142
  421      97   108   126   136
  422     124    99   126   139
  423      77   124   126   139
  424      77    79   124   139
  425      86    87   127   140
  426     103    86   127   140
  427     107   103   127   140
  428     124    98   126   141
  429     126    98   136   141
  430      94   131   138   141
  431      94   129   131   141
  432      99   108   138   141
  433     109    99   138   141
  434     108    99   126   141
  435     108    97   138   141
  436      97    94   138   141
  437      90   105   140   142
# Generated by tetgen -pq C:\Users\tonye\Downloads\TetGen\x64\Release\JellyLitho.stl 
