142  3  0  0
   1    0.38302219999999998  0.32139380000000001  0
   2    0.25  0.43301269999999997  0
   3    0.08682405  0.49240390000000001  0
   4    -0.086824150000000003  0.49240390000000001  0
   5    0  0  0
   6    -0.46984629999999999  -0.17101  0
   7    -0.5  7.54979e-08  0
   8    0.086823839999999999  -0.49240390000000001  0
   9    0.46984629999999999  0.1710101  0
  10    0.76604439999999996  0.64278760000000001  0
  11    0.1736481  0.98480780000000001  0
  12    -0.25  0.43301269999999997  0
  13    -0.38302219999999998  0.32139380000000001  0
  14    -0.46984629999999999  0.1710101  0
  15    -1  1.509958e-07  0
  16    -0.76604459999999996  -0.64278740000000001  0
  17    -0.38302229999999998  -0.3213937  0
  18    -0.2500001  -0.43301260000000003  0
  19    -0.50000029999999995  -0.86602520000000005  0
  20    -0.086824299999999993  -0.4924038  0
  21    -0.17364859999999999  -0.98480769999999995  0
  22    0.49999949999999999  -0.86602570000000001  0
  23    0.17364769999999999  -0.98480780000000001  0
  24    0.24999969999999999  -0.43301279999999998  0
  25    0.38302199999999997  -0.32139410000000002  0
  26    0.46984619999999999  -0.17101040000000001  0
  27    0.93969239999999998  -0.34202080000000001  0
  28    1  0  0
  29    0.5  0  0
  30    0.84666660000000005  0  0.22333330000000001
  31    0.79560640000000005  0.28957709999999998  0.22333330000000001
  32    0.93969259999999999  0.3420202  0
  33    0.5  0.86602539999999995  0
  34    -0.17364830000000001  0.98480769999999995  0
  35    -0.50000009999999995  0.86602539999999995  0
  36    -0.76604439999999996  0.64278760000000001  0
  37    -0.64858420000000006  0.54422680000000001  0.22333330000000001
  38    -0.79560640000000005  0.28957709999999998  0.22333330000000001
  39    -0.93969259999999999  0.3420202  0
  40    -0.93969270000000005  -0.34201989999999999  0
  41    -0.42333359999999998  -0.73323459999999996  0.22333330000000001
  42    0.42333290000000001  -0.73323510000000003  0.22333330000000001
  43    0.79560620000000004  -0.28957759999999999  0.22333330000000001
  44    0.64858389999999999  -0.54422720000000002  0.22333330000000001
  45    0.76604399999999995  -0.64278809999999997  0
  46    0.65152019999999999  0.23713400000000001  0.44666670000000003
  47    0.53112409999999999  0.44566610000000001  0.44666670000000003
  48    0.64858420000000006  0.54422680000000001  0.22333330000000001
  49    0.42333330000000002  0.73323479999999996  0.22333330000000001
  50    0.34666659999999999  0.60044430000000004  0.44666670000000003
  51    0.14702209999999999  0.83380390000000004  0.22333330000000001
  52    -0.12039619999999999  0.68279999999999996  0.44666670000000003
  53    -0.14702219999999999  0.83380379999999998  0.22333330000000001
  54    -0.42333340000000003  0.73323479999999996  0.22333330000000001
  55    -0.34666669999999999  0.60044430000000004  0.44666670000000003
  56    -0.53112409999999999  0.44566610000000001  0.44666670000000003
  57    -0.84666660000000005  1.2784310000000001e-07  0.22333330000000001
  58    -0.65152030000000005  -0.23713380000000001  0.44666670000000003
  59    -0.79560640000000005  -0.28957690000000003  0.22333330000000001
  60    -0.64858439999999995  -0.5442266  0.22333330000000001
  61    -0.1470225  -0.83380379999999998  0.22333330000000001
  62    0.12039569999999999  -0.68280010000000002  0.44666670000000003
  63    0.14702170000000001  -0.83380399999999999  0.22333330000000001
  64    0.69333330000000004  0  0.44666670000000003
  65    0.50743400000000005  0.18469089999999999  0.67000000000000004
  66    0.27000000000000002  0.46765380000000001  0.67000000000000004
  67    0.120396  0.68280010000000002  0.44666670000000003
  68    -0.09377009  0.53179620000000005  0.67000000000000004
  69    -0.27000000000000002  0.46765370000000001  0.67000000000000004
  70    -0.41366399999999998  0.34710530000000001  0.67000000000000004
  71    -0.50743400000000005  0.18469089999999999  0.67000000000000004
  72    -0.65152019999999999  0.23713400000000001  0.44666670000000003
  73    -0.69333330000000004  1.046904e-07  0.44666670000000003
  74    -0.5074341  -0.18469079999999999  0.67000000000000004
  75    -0.53112420000000005  -0.4456659  0.44666670000000003
  76    -0.3466669  -0.60044410000000004  0.44666670000000003
  77    -0.093770240000000005  -0.53179620000000005  0.67000000000000004
  78    -0.1203964  -0.68279999999999996  0.44666670000000003
  79    0.093769749999999999  -0.5317963  0.67000000000000004
  80    0.34666629999999998  -0.60044450000000005  0.44666670000000003
  81    0.26999970000000001  -0.46765390000000001  0.67000000000000004
  82    0.53112389999999998  -0.44566640000000002  0.44666670000000003
  83    0.41366380000000003  -0.34710560000000001  0.67000000000000004
  84    0.65151999999999999  -0.2371344  0.44666670000000003
  85    0.54000000000000004  0  0.67000000000000004
  86    0.25371700000000003  0.092345449999999996  0.67000000000000004
  87    0.20683199999999999  0.1735527  0.67000000000000004
  88    0.41366399999999998  0.34710530000000001  0.67000000000000004
  89    0.093769980000000003  0.53179620000000005  0.67000000000000004
  90    -0.046885040000000003  0.26589810000000003  0.67000000000000004
  91    -0.13500000000000001  0.2338269  0.67000000000000004
  92    -0.20683199999999999  0.1735527  0.67000000000000004
  93    -0.54000000000000004  8.1537729999999999e-08  0.67000000000000004
  94    -0.25371700000000003  -0.092345389999999999  0.67000000000000004
  95    -0.27000000000000002  4.0768869999999998e-08  0.67000000000000004
  96    -0.41366409999999998  -0.3471052  0.67000000000000004
  97    -0.20683209999999999  -0.1735526  0.67000000000000004
  98    -0.27000020000000002  -0.4676536  0.67000000000000004
  99    -0.046885120000000002  -0.26589810000000003  0.67000000000000004
 100    0.13499990000000001  -0.23382700000000001  0.67000000000000004
 101    0.50743389999999999  -0.1846913  0.67000000000000004
 102    0.25371690000000002  -0.092345629999999998  0.67000000000000004
 103    0.27000000000000002  0  0.67000000000000004
 104    0.13500000000000001  0.2338269  0.67000000000000004
 105    0.046884990000000001  0.26589810000000003  0.67000000000000004
 106    -0.25371700000000003  0.092345460000000004  0.67000000000000004
 107    0  0  0.67000000000000004
 108    -0.13500010000000001  -0.2338268  0.67000000000000004
 109    0.046884879999999997  -0.26589810000000003  0.67000000000000004
 110    0.20683190000000001  -0.17355280000000001  0.67000000000000004
 111    0.75  0.13224525876366364  0
 112    0.48952772486111051  0.58339639538666499  0
 113    -3.5721253927034624e-08  0.76156997881593269  0
 114    -0.48952770150847108  0.5833964528339517  0
 115    -0.75000001996846799  -0.13224507536091334  0
 116    -0.48952790938149304  -0.58339626221664864  0
 117    -3.8572122323943248e-07  -0.76156993674945461  0
 118    0.48952720009847756  -0.58339679240324172  0
 119    -0.6640449860616866  0.36840467407430871  0
 120    0.66404473864995561  -0.36840517161076303  0
 121    -0.34376983241535836  0.19847561015044077  0.38632219345223306
 122    0.13500000000000001  -0.023804146041923702  0.33500000000000002
 123    -5.0000000056948934e-08  0.31626766044347659  0.3097558922989897
 124    -1.1999999996459287e-07  -0.41124778280728663  0.41301001279720584
 125    0.40499998333421866  -0.07141264390619087  0.42512418080677833
 126    -0.14065521924590618  -0.38644642288076364  0.67000000000000004
 127    0.25363257230975844  0.044722271506295624  0.47787077185530624
 128    0.26434484893883736  -0.31503419424487689  0.43360514154668278
 129    -0.20351316382254708  -0.1174983359416325  0.32307213814083874
 130    0.14065495137762241  0.38644652525751355  0.48795678496918826
 131    -0.11871698622039389  0.068541349438576732  0.46337425158351808
 132    -0.1406550007745323  0.38644651478425113  0.48795680310547684
 133    0.35615101837111163  0.20562389563548017  0.67000000000000004
 134    0.35615089465747196  -0.20562407181394357  0.67000000000000004
 135    0.13792396611313093  -0.16437164119338654  0.48020869665463006
 136    -0.35615112171101337  -0.20562370549693382  0.48538144336002875
 137    -0.40499998921702896  0.071412462233133869  0.67000000000000004
 138    -0.08811508894272449  -0.10501128989640325  0.67000000000000004
 139    0.14065470394792678  -0.3864466253129093  0.67000000000000004
 140    0.046885045264565169  0.12881549757999913  0.67000000000000004
 141    -0.080048109236902684  -0.21993012056993916  0.46407535649278564
 142    0.071832010621735942  0.19735680884732776  0.48237700146421714
# Generated by tetgen -pq C:\Users\tonye\Downloads\TetGen\x64\Release\JellyLitho.stl 
