80  4  0
    1       5     4    14    43
    2      13    26    25    43
    3      11     5    12    43
    4      13    23    12    43
    5      13    24    22    43
    6       1    26     4    43
    7      13     4    26    43
    8      26     1    15    43
    9      41    42    40    43
   10       5     1     4    43
   11      36    42    41    43
   12      25    37    43    27
   13      31     6    16    43
   14      41    22    24    43
   15       6     8    16    43
   16      15     1     6    43
   17      30    29    43    28
   18       6     1     7    43
   19      12     5    14    43
   20       8     6     7    43
   21      26    15    25    43
   22      39    34    43    32
   23      12    14    13    43
   24      23    13    22    43
   25      24    13    25    43
   26      10    11    23    43
   27      36    24    25    43
   28      24    36    41    43
   29      42    36    37    43
   30       4    13    14    43
   31      23    11    12    43
   32       2    18    43     3
   33      29     6    31    43
   34      42    35    40    43
   35      15    27    25    43
   36      15     6    27    43
   37       7     5     8    43
   38       7     1     5    43
   39       2     5     3    43
   40       5     2     8    43
   41       2    16     8    43
   42       5     9     3    43
   43       9     5    11    43
   44      10     9    11    43
   45      10    23    22    43
   46      22    41    40    43
   47      28    42    37    43
   48      25    37    36    43
   49       6    29    27    43
   50      37    29    28    43
   51      35    22    40    43
   52       9    18     3    43
   53       2    18    17    43
   54      16     2    17    43
   55      32    31    16    43
   56      18    34    17    43
   57      10    22    21    43
   58      42    33    35    43
   59      28    30    42    43
   60      29    37    27    43
   61      30    29    31    43
   62      22    35    21    43
   63      34    33    38    43
   64      33    42    38    43
   65      19    34    18    43
   66      20    18     9    43
   67      10    20     9    43
   68      32    30    31    43
   69      32    16    17    43
   70      34    32    17    43
   71      19    10    21    43
   72      19    35    33    43
   73      42    30    39    43
   74      19    33    34    43
   75      39    34    38    43
   76      38    42    39    43
   77      19    18    20    43
   78      10    19    20    43
   79      19    21    35    43
   80      30    32    39    43
# Generated by tetgen -pq C:\Users\tonye\Downloads\TetGen\x64\Release\PelotaLitho.stl 
