43  3  0  0
   1    -1.425956e-08  0.32622079999999998  0.44900440000000003
   2    -0.31025439999999999  -0.1008078  0.44900440000000003
   3    -0.1917478  -0.26391809999999999  0.44900440000000003
   4    0.19174749999999999  0.2639184  0.44900440000000003
   5    0  0  0.55500000000000005
   6    -0.31025439999999999  0.42702859999999998  0.1715044
   7    -0.1917478  0.26391819999999999  0.44900440000000003
   8    -0.31025439999999999  0.1008078  0.44900440000000003
   9    3.890144e-09  -0.32622079999999998  0.44900440000000003
  10    0.31025459999999999  -0.42702849999999998  0.1715044
  11    0.1917479  -0.26391809999999999  0.44900440000000003
  12    0.31025449999999999  -0.1008076  0.44900440000000003
  13    0.50200210000000001  0.1631108  0.1715044
  14    0.31025439999999999  0.10080799999999999  0.44900440000000003
  15    -2.3072460000000001e-08  0.52783639999999998  0.1715044
  16    -0.50200219999999995  0.16311039999999999  0.1715044
  17    -0.50200219999999995  -0.16311039999999999  0.1715044
  18    -0.31025449999999999  -0.42702849999999998  0.1715044
  19    6.2943859999999998e-09  -0.52783639999999998  -0.1715045
  20    6.2943859999999998e-09  -0.52783639999999998  0.1715044
  21    0.31025459999999999  -0.42702849999999998  -0.1715045
  22    0.50200230000000001  -0.16311020000000001  -0.1715045
  23    0.50200230000000001  -0.16311020000000001  0.1715044
  24    0.50200210000000001  0.1631108  -0.1715045
  25    0.31025399999999997  0.42702889999999999  -0.1715045
  26    0.31025399999999997  0.42702889999999999  0.1715044
  27    -2.3072460000000001e-08  0.52783639999999998  -0.1715045
  28    -0.19174769999999999  0.26391819999999999  -0.44900449999999997
  29    -0.31025439999999999  0.42702859999999998  -0.1715045
  30    -0.31025439999999999  0.1008078  -0.44900449999999997
  31    -0.50200219999999995  0.16311039999999999  -0.1715045
  32    -0.50200219999999995  -0.16311039999999999  -0.1715045
  33    3.890144e-09  -0.32622079999999998  -0.44900449999999997
  34    -0.31025449999999999  -0.42702849999999998  -0.1715045
  35    0.1917478  -0.26391809999999999  -0.44900449999999997
  36    0.19174749999999999  0.26391829999999999  -0.44900449999999997
  37    -1.425956e-08  0.32622079999999998  -0.44900449999999997
  38    -0.1917478  -0.26391809999999999  -0.44900449999999997
  39    -0.31025439999999999  -0.1008078  -0.44900449999999997
  40    0.31025449999999999  -0.1008076  -0.44900449999999997
  41    0.31025429999999998  0.10080799999999999  -0.44900449999999997
  42    0  0  -0.55500000000000005
  43    8.9206146358655758e-08  3.2008156097829144e-08  -5.0000000029193359e-08
# Generated by tetgen -pq C:\Users\tonye\Downloads\TetGen\x64\Release\PelotaLitho.stl 
