12  3  0  0
   1    0.59432669999999999  1.0209919999999999  0
   2    0.59432669999999999  -1.0209919999999999  2.5573519999999998
   3    -0.59432669999999999  1.0209919999999999  2.5573519999999998
   4    0.59432669999999999  -1.0209919999999999  0
   5    0.59432669999999999  -1.0209919999999999  1.2786759999999999
   6    0.59432669999999999  1.0209919999999999  2.5573519999999998
   7    0.59432669999999999  1.0209919999999999  1.2786759999999999
   8    -0.59432669999999999  1.0209919999999999  0
   9    -0.59432669999999999  -1.0209919999999999  0
  10    -0.59432669999999999  -1.0209919999999999  1.2786759999999999
  11    -0.59432669999999999  1.0209919999999999  1.2786759999999999
  12    -0.59432669999999999  -1.0209919999999999  2.5573519999999998
# Generated by tetgen -pq C:\Users\tonye\Downloads\TetGen\x64\Release\MuñecoLitho2.stl 
