111  4  0
    1      24     7     3    25
    2      36     4    49    57
    3      48    42    52    53
    4      39    40    41    47
    5      43    21    45    49
    6       8    31    48    53
    7      13    44    45    46
    8       6     9    18    31
    9       7    27    24     3
   10      42    49    11    51
   11      31    29    36    41
   12      31    42    48    53
   13       3     7    26    25
   14      42    45    48    52
   15      17     6    31    41
   16      31    51    53    57
   17      45    33    48    52
   18      15    45    55    56
   19      17     6    18    31
   20       5    39    40    41
   21       6     9    31    47
   22      16    15     9    31
   23      36    29    38    41
   24       5    37    38    41
   25       7    27     3    28
   26      45    42    48    49
   27      29    19    32    47
   28      43    45    50    58
   29      20    16     9    31
   30      16    15    31    49
   31       4    20    36    49
   32      15     9    31    48
   33       7    16    15     9
   34      16     7    20     9
   35      42    31    49    51
   36      29     4    36    37
   37      20    29     4    36
   38      30    34    46    58
   39      40     6    41    47
   40      20    31    36    49
   41      15    45    48    49
   42      45    44    50    58
   43       7     3    26    10
   44       3     7    28    10
   45      15     7     9    10
   46       9     7    26    10
   47      42    31    51    53
   48       7    16    28    10
   49      16     7    15    10
   50      20    16    31    49
   51      30    12    45    46
   52      22    30    33    56
   53      29    32    41    47
   54      31    29    41    47
   55      36    29    37    38
   56      16    43    45    49
   57      32    39    41    47
   58      45    33    55    56
   59      16    45    58    55
   60      33    22    48    52
   61      37    36    38    41
   62      29    20    31    36
   63       6    31    41    47
   64      20    19    29    47
   65      30    22    33    35
   66      20    29    31    47
   67      12    30    33    35
   68      31    15    48    49
   69      30    45    55    58
   70      33    30    55    56
   71      42    31    48    49
   72      45    15    48    56
   73      15    16    45    49
   74      12    30    34    46
   75       5    38    39    41
   76       6    17    40    41
   77      29    39    38    41
   78       9    18    31    48
   79      39    29    32    41
   80      12    13    45    46
   81       1    53     8    52
   82      44    43    45    50
   83      30    12    33    45
   84       9    20    31    47
   85      49    42    11    45
   86      16    15    55    58
   87      22    33    48    56
   88      21    13    44    45
   89      43    21    44    45
   90      18     8    31    48
   91      45    30    46    58
   92      44    45    46    58
   93      21    11    45    49
   94       1    53    52    42
   95       8    48    52    53
   96      33    30    45    55
   97      16    15    45    55
   98      45    16    58    43
   99      31    49    51    57
  100      31    36    49    57
  101      33    45    48    56
  102      51     2    53    57
  103      54    30    55    58
  104      44    14    50    58
  105      23    30    54    58
  106      15    54    55    58
  107      30    23    34    58
  108      23    14    34    58
  109      14    44    46    58
  110      34    14    46    58
  111      16    43    50    58
# Generated by tetgen -pq C:\Users\tonye\Downloads\TetGen\x64\Release\MuñecoLitho.stl 
