58  3  0  0
   1    0.4361313  0.42504930000000002  0
   2    -0.4361313  -0.42504930000000002  0
   3    0.28703410000000001  0.27974060000000001  2.4537849999999999
   4    -0.54262639999999995  -0.52883849999999999  0.79093029999999998
   5    -0.32223619999999997  -1.029072  0.62526559999999998
   6    0.273644  -1.029072  1.245133
   7    -0.38632640000000001  -0.37651000000000001  2.0007429999999999
   8    0.4361313  -0.42504930000000002  0
   9    0.39329540000000002  -0.38330189999999997  1.465455
  10    0.38632640000000001  0.37651000000000001  2.0007429999999999
  11    -0.4361313  0.42504930000000002  0
  12    0.26955030000000002  1.029072  0.62526559999999998
  13    -0.26955030000000002  1.029072  0.62526559999999998
  14    -0.21481810000000001  1.029072  1.2490779999999999
  15    0.39329540000000002  0.38330189999999997  1.465455
  16    -0.39329540000000002  0.38330189999999997  1.465455
  17    0.32223619999999997  -1.029072  0.62526559999999998
  18    0.54262639999999995  -0.52883849999999999  0.79093029999999998
  19    -0.273644  -1.029072  1.245133
  20    -0.39329540000000002  -0.38330189999999997  1.465455
  21    -0.54262639999999995  0.52883849999999999  0.79093029999999998
  22    0.54262639999999995  0.52883849999999999  0.79093029999999998
  23    0.21481810000000001  1.029072  1.2490779999999999
  24    -0.28703410000000001  -0.27974060000000001  2.4537849999999999
  25    0.28703410000000001  -0.27974060000000001  2.4537849999999999
  26    0.38632640000000001  -0.37651000000000001  2.0007429999999999
  27    -0.28703410000000001  0.27974060000000001  2.4537849999999999
  28    -0.38632640000000001  0.37651000000000001  2.0007429999999999
  29    -0.35234136022789281  -0.75548304415920264  0.98122283718782577
  30    0.32347493548290063  0.74766354626521547  0.99139651857048872
  31    0  -0.52883849999999999  0.79093029999999998
  32    -0.28707124644873605  -1.029072  1.0738480541581317
  33    0.32347493548290063  0.52883849999999999  0.79093029999999998
  34    0.22891516006577869  1.029072  1.0884062040082885
  35    0.44179327106782784  0.71354931505006014  0.7297587435927948
  36    -0.27131319999999998  -0.52883849999999999  0.79093029999999998
  37    -0.43243129999999996  -0.77895524999999999  0.70809794999999998
  38    -0.34134413351165505  -0.85542337836318405  0.85119388504116766
  39    -0.2999167840157782  -1.029072  0.9099836896452107
  40    0  -1.029072  0.62526559999999998
  41    -0.13608271886970991  -0.77916352274772716  0.70802897532663167
  42    0  0.42504930000000002  0
  43    -0.46796090000000001  0.45607019999999998  1.1281926499999999
  44    -0.38902713518333942  0.7632300570065339  1.0056019538215901
  45    -0.18961640707818123  0.52883849999999999  0.79093029999999998
  46    -0.24981199158756945  1.029072  0.85023374567473087
  47    0  -1.029072  1.245133
  48    0.54262639999999995  0  0.79093029999999998
  49    -0.54262639999999995  0  0.79093029999999998
  50    -0.30405674999999999  0.70618694999999998  1.3572664999999999
  51    -0.4361313  0  0
  52    0.48937884999999998  0.47694389999999998  0.39546514999999999
  53    0  -0.42504930000000002  0
  54    0.30405674999999999  0.70618694999999998  1.3572664999999999
  55    0.35246485298540647  0.59637818688868294  1.1882287276234522
  56    0.46775299668049652  0.45586757936363342  1.1291317445230198
  57    -0.48937884999999998  -0.47694389999999998  0.39546514999999999
  58    -8.3266726846886741e-17  0.80316399904403113  1.3247725784929492
# Generated by tetgen -pq C:\Users\tonye\Downloads\TetGen\x64\Release\MuñecoLitho.stl 
