16  3  0  0
   1    3.8697680000000001  3.8601899999999998  -0.1877289
   2    -3.8697680000000001  -3.8601899999999998  -0.1877289
   3    -1.763539  -1.7591749999999999  20.182459999999999
   4    3.6225329999999998  -3.6135679999999999  6.7274880000000001
   5    1.763539  -1.7591749999999999  20.182459999999999
   6    3.8697680000000001  -3.8601899999999998  -0.1877289
   7    1.763539  1.7591749999999999  20.182459999999999
   8    3.1247780000000001  -3.1170439999999999  13.454980000000001
   9    -3.6225329999999998  3.6135679999999999  6.7274880000000001
  10    3.6225329999999998  3.6135679999999999  6.7274880000000001
  11    3.1247780000000001  3.1170439999999999  13.454980000000001
  12    -3.1247780000000001  3.1170439999999999  13.454980000000001
  13    -1.763539  1.7591749999999999  20.182459999999999
  14    -3.8697680000000001  3.8601899999999998  -0.1877289
  15    -3.6225329999999998  -3.6135679999999999  6.7274880000000001
  16    -3.1247780000000001  -3.1170439999999999  13.454980000000001
# Generated by tetgen -pq C:\Users\tonye\Downloads\TetGen\x64\Release\container.stl 
