140  3  0  0
   1    -0.40112170000000003  2.3911349999999998  5.9307939999999997
   2    -2.451317  -1.1599079999999999  5.9307939999999997
   3    -0.40112160000000002  0.02377319  6.6763539999999999
   4    0.40856389999999998  -2.2008190000000001  5.9307939999999997
   5    -2.7325179999999998  3.0446550000000001  3.8515600000000001
   6    -1.922833  1.837278  5.9307939999999997
   7    -2.7325179999999998  0.434861  5.9307939999999997
   8    -1.210807  -2.2008190000000001  5.9307939999999997
   9    -1.641632  -3.6053259999999998  3.5423559999999998
  10    2.7904969999999998  -1.976011  3.8515600000000001
  11    1.6490739999999999  -1.1599079999999999  5.9307939999999997
  12    1.12059  1.837277  5.9307939999999997
  13    1.930275  0.43486049999999998  5.9307939999999997
  14    3.170785  0.6535955  3.8515600000000001
  15    1.9302760000000001  2.802222  3.8515600000000001
  16    -4.0438289999999997  0.65359630000000002  3.8515600000000001
  17    -3.3096570000000001  -1.614595  1.682623
  18    -3.6130040000000001  -1.7897320000000001  3.8515600000000001
  19    -3.6988759999999998  0.59277179999999996  1.682623
  20    0.74711289999999997  -3.2770830000000002  1.514213
  21    0.88992550000000004  -3.7916050000000001  3.5423559999999998
  22    1.7051240000000001  2.5338959999999999  1.682623
  23    -0.40112170000000003  3.43255  1.682623
  24    -0.40112170000000003  3.893214  3.8515600000000001
  25    -0.40112170000000003  2.881526  -0.036391260000000002
  26    -2.5073660000000002  2.66594  1.682623
  27    -3.2154590000000001  0.52001640000000005  -0.036391260000000002
  28    -1.5218309999999999  -3.175624  1.514213
  29    -1.378531  -2.6616360000000001  -0.036391260000000002
  30    0.57628729999999995  -2.6616360000000001  -0.036391260000000002
  31    2.0347650000000002  -1.437829  -0.036391260000000002
  32    2.4641389999999999  -1.7160530000000001  1.682623
  33    2.4132159999999998  0.52001580000000003  -0.036391260000000002
  34    2.8258320000000001  0.5927711  1.682623
  35    2.0737649999999999  -1.4051039999999999  -0.036391260000000002
  36    1.2142459999999999  0.95640519999999996  -0.036391260000000002
  37    -2.2380499999999999  2.212939  -0.036391260000000002
  38    -0.62268230000000002  1.6249929999999999  -0.036391260000000002
  39    -2.8760080000000001  -1.4051039999999999  -0.036391260000000002
  40    1.435808  2.2129379999999998  -0.036391260000000002
  41    -1.158987  -1.4165460000000001  -0.036391260000000002
  42    0.79353629999999997  -1.429557  -0.036391260000000002
  43    -2.2183980555534513  -1.8633719141031264  5.243721301560452
  44    -2.6235466884627736  1.4462249428641609  5.2438772282016526
  45    -2.9278219533192451  -1.4182514743776424  5.0779263169581927
  46    -0.64579817934267947  -2.6286736277444542  5.2884044822517238
  47    1.1645386789638787  -2.1294697340994122  5.2708894613023425
  48    2.1579695678941264  -0.55343023023262239  5.2354497676097651
  49    0.63682406623006749  2.4908779958897953  5.2697866767756389
  50    -3.3371652212396015  1.5791313784279746  2.8540031331485092
  51    -2.3653736308259132  -2.7415650249092787  2.7354339248987469
  52    -0.54904919455947587  -3.4551916521229145  2.6147081089361359
  53    1.5990594773896607  -2.8566336984331762  2.7046044121926238
  54    2.838183868759927  -0.46174056889636694  2.8306939655379777
  55    0.81069503070828119  3.1049173458913124  2.8099957105642366
  56    -3.0278621100483791  1.3369772668003068  0.89301325490721939
  57    -2.0949426813936469  -2.426308589871871  0.85796982453272264
  58    -0.6407574028878269  -2.9597823784706079  0.86305978663940952
  59    1.3104547222366008  -2.0455969405717296  -0.036391260000000002
  60    1.2408076792036198  -2.3287924965995495  0.56869864611478116
  61    2.4843757061202529  -0.31431168289119082  0.90214966671182739
  62    1.924511952423668  1.3664769824047158  -0.036391260000000002
  63    0.74883934744386571  2.6917281246035487  0.90215044907057107
  64    -2.2599477438617144  2.339972983974663  5.0650987761307569
  65    -1.3577709044960029  -2.6799272982927351  5.1160451480842006
  66    0.57498628941624652  -2.7508055530817441  5.105033160471959
  67    2.1285515287799761  -1.5027283651669232  5.057370229780453
  68    1.4696156772452904  2.2532290877592756  5.0345131516199686
  69    -3.3065158703039375  1.9980210576539799  3.8515600000000001
  70    -3.0631675401559986  1.6988729350467564  1.682623
  71    -0.20440412783250639  -3.7110812004248328  3.5423559999999998
  72    -2.6544194927525524  -2.6725690697419981  3.7012087908020708
  73    -2.3852924791389389  -2.4216980534488375  1.5955495213962594
  74    -0.40630844649829911  -3.2255061512315617  1.514213
  75    1.1621107530643913  -2.899788736057765  1.5549169755741477
  76    1.9253533284936872  -2.8024727559112259  3.7108097657654877
  77    2.9492001909946297  -0.87861391513216347  3.8515600000000001
  78    2.6332372917801168  -0.63663423510611072  1.682623
  79    0.56055089896619803  3.0222413034640878  1.682623
  80    0.51839158010595709  3.4629220628974808  3.8515600000000001
  81    -2.0674747852342255  -2.3191917475661405  4.7985223983885863
  82    -0.23460985671318746  -2.9400472210041761  4.8209019254414027
  83    1.6973552176491613  -2.0791822510341822  4.8057839287427777
  84    -3.0214215804047058  1.992668656220649  2.4082858818241908
  85    -2.6672614285385836  -2.3812722250841309  2.3988498211211788
  86    -0.12822941721428516  -3.3973658264455402  2.2574147513724183
  87    2.6988674104945853  -0.9289207925922186  2.4030843547276786
  88    0.34981075676994822  3.2295242555674273  2.3812276138714306
  89    0.067541017048228735  3.2600184870128919  4.4919306141045352
  90    0.2417760429182666  -3.3007918754193017  4.2792726673878665
  91    0.70840370334414593  -3.1917184847171454  4.4430376434071901
  92    -0.40112170000000003  3.6497699123314722  2.7053560657322606
  93    -2.6208362473625928  2.8568016611441354  2.7757059746299384
  94    0.82573350009640101  -3.5603355169543898  2.6307378706438729
  95    2.6255790798648664  -1.8446468762999866  2.7555348406837408
  96    -0.40112170000000003  3.2987102023554158  4.67449441902306
  97    1.3535655287411219  -3.180309906333421  2.9946242840854733
  98    1.5669002374527223  -3.1448988532063975  3.6524930281093511
  99    -0.33778071956047961  -0.27686460872182517  3.4746560313217651
 100    0.66170010000000001  -2.9693595000000004  0.73891087
 101    0.21418110950688185  -2.2722603945366053  1.5183216945653459
 102    0.89807661503288527  -0.73943040362668722  2.221492315264662
 103    0.90788669405254163  -0.88191003886400066  4.5712965989189236
 104    -0.64690903970500102  -2.3934454150680824  2.2401396210699502
 105    0.46567873071985044  -1.8723620636500942  3.2732542106703382
 106    -0.95827759716125072  -1.3099416097745107  4.6227430930566831
 107    -1.6551385833769663  -0.7947988126693637  2.2221247030155444
 108    1.8524733396018098  -2.0224227482997748  1.1256608230573906
 109    2.2717522185914243  -1.5628089896606456  0.83544664943145808
 110    1.8131248765321955  -2.3079208680288823  1.6187699877870738
 111    2.0302672241040316  -2.2880995694166826  2.1951873118943759
 112    2.2434905000000001  -0.44254409999999988  -0.036391260000000002
 113    2.3419605734539068  -0.6926392087862091  0.57662861088403528
 114    1.6765605078140999  -1.0199863307878685  3.3273535796514797
 115    -2.0732300020819268  -1.5377768926753017  3.2654755887639935
 116    -0.43304684905840202  2.0758720788541565  3.3676474717441418
 117    -2.0596718150796929  0.72703651772900435  2.4418627754323743
 118    1.0476151421603626  -0.24428562298915235  -0.036391260000000002
 119    2.2078627867269534  -1.0488716043931046  0.27011867544201762
 120    2.15862775  -0.92382405000000001  -0.036391260000000002
 121    1.2373071604041619  -0.90481695036689291  0.91691162491716971
 122    2.1727586092957121  -1.4839564948303228  0.39952769471572908
 123    1.3892956106954317  -2.7114084390334576  4.3491483460091853
 124    1.416927519340105  -1.0170186865222042  -0.036391260000000002
 125    1.8000392201460687  -1.1184930725193825  -0.036391260000000002
 126    2.1408138933634766  -1.2269878021965521  0.11686370772100882
 127    2.1161963749999999  -1.1644640249999998  -0.036391260000000002
 128    0.4354963974168316  1.9115486419705279  2.3862923699099823
 129    1.6726098611183005  -1.7417129702858647  -0.036391260000000002
 130    2.1232618046478562  -1.4445302474151613  0.18156821735786452
 131    1.8536874305591504  -1.5897709851429322  -0.036391260000000002
 132    1.8116976239556115  -1.3558584257570792  -0.036391260000000002
 133    1.7837660441569057  -1.2283266535112698  0.41593930575094307
 134    1.9650200655166381  -1.261868418835193  -0.036391260000000002
 135    2.1072894466817385  -1.3160459010982759  0.040236223860504405
 136    2.0949806874999997  -1.2847840124999999  -0.036391260000000002
 137    1.9225133344044814  -1.3028242560496288  0.20310891805571993
 138    1.9303751583564837  -1.3774030894441673  -0.036391260000000002
 139    2.098513402323928  -1.4248171237075806  0.072588478678932256
 140    2.0121707140259222  -1.3389690384641137  -0.036391260000000002
# Generated by tetgen -pq C:\Users\tonye\Downloads\TetGen\x64\Release\TreeLitho.stl 
