393  4  0
    1      67    48    77   114
    2      20    86    94   101
    3      54    87    95   114
    4      29    41    57    58
    5      38   102   107   118
    6      26    23    93   116
    7       5    64    69   116
    8     103    47   105   123
    9      67    10    83   114
   10      69    50    84   117
   11      52     9    71   104
   12     102    99   114   128
   13      17    39    27   107
   14       9    81   106   115
   15      47    66   103   105
   16      60    42   121   133
   17      61    36   118   121
   18      53   101   105   111
   19      41    29    30    58
   20     137   135   139   140
   21      76    97    98   105
   22      83   103   105   123
   23      53    76    95   114
   24       6     3     7    44
   25      18    16    45   115
   26      99    44   116   117
   27      18    19    16   115
   28      58    74   100   101
   29       3     7    44   106
   30     119   122   133   137
   31      17    85   107   115
   32      71    52   104   105
   33     108    60   121   133
   34     102    32   108   121
   35      10    67    77   114
   36      36    22    40    63
   37      52    71    86   105
   38     101    60   108   110
   39      34    36    33    61
   40      42    30    59    60
   41      27    38    37    56
   42      53    75   101   110
   43       2     3     8   106
   44       9    28    51    52
   45      16    50    69   117
   46      69    93   116   117
   47      39    29    41    57
   48      61    78   102   121
   49      36    33    61   118
   50      42    30    60   101
   51      64    69   116   117
   52      24     5    92   116
   53      95    87   111   114
   54      99   107   115   117
   55       6    44    99   106
   56       3     2     7   106
   57      16    44    45   115
   58      86    71    94   105
   59      23    38    25    63
   60      28    51    52   104
   61      57    17    73   107
   62      38    37    26    25
   63      23    38    26    25
   64      28    29    57    58
   65     107    19   115   117
   66      36    38   102   128
   67      22    36    40    62
   68     102   101   110   111
   69      14    54    77   114
   70      66    91   105   123
   71      22    34    36    62
   72      53    75    94   101
   73      76    53    97   105
   74      23    88    92   116
   75      73    17    85   107
   76      53    94    97   105
   77      10    77    95   114
   78     101    41   102   121
   79       1    49    99   116
   80       8     4    46   106
   81       4    11    47   103
   82      21    90    91    97
   83      74    20   100   101
   84     101   102   105   111
   85      23    92    93   116
   86      86   101   104   105
   87      65     9    81   106
   88      75    20    94   101
   89     122   129   133   137
   90      72    45    81   115
   91      24    80    89   116
   92      49     1    96   116
   93      51     9   104   115
   94     133   120   137   125
   95      88    55    92   116
   96      77    54    95   114
   97      60    30   100   101
   98      42    41    30   101
   99       7    16    44    45
  100      26   116   117   128
  101      41    38   107   118
  102      45    43    81   115
  103     126   125   127   134
  104      21    71    90   105
  105     134   135   137   140
  106      36    34    33    62
  107      19    18    17   115
  108      32   102   108   110
  109     126   134   135   137
  110      41    57    58   104
  111       5    24    96   116
  112      37    38    26    56
  113     126   125   134   137
  114     102   101   104   107
  115      83    47   103   123
  116      39    17    57   107
  117      48    14    77   114
  118      42   118   121   124
  119      58    74   101   104
  120     138   137   139   140
  121       3     6    99   106
  122      30    41    58   101
  123      23    88   116   128
  124      15    68    80   116
  125      76    83   114   123
  126      99   103   105   114
  127     105    53   111   114
  128      20    75   100   101
  129      38    40    25    63
  130      14    48   103   114
  131      38    36    40    63
  132      32    87   102   111
  133      99   102   117   128
  134      89    49    96   116
  135      84    26    93   117
  136       6     3    44   106
  137      52    86   104   105
  138     134   137   138   140
  139      76    53   105   114
  140     101    53   110   111
  141     102   117    38   107
  142       1     6    64   116
  143       5    69    93   116
  144     126   125   120   127
  145      55    15   116   128
  146      88    55   116   128
  147      13    14    48    68
  148     134   126   135   136
  149      30    58   100   101
  150      56    26    70   117
  151     106    99   115   117
  152      99   102   107   117
  153      48    67   103   114
  154      73    85   104   107
  155      44    64   116   117
  156      72    51    85   115
  157      36   102   118   121
  158      54    34    78   102
  159     118   113   121   124
  160      36    22    63   128
  161      41   101   102   107
  162      19    17   107   115
  163      87   102   111   114
  164      67    83   103   114
  165      20    74    86   101
  166      64     5    96   116
  167     101   102   104   105
  168     130   126   135   137
  169      28    52    74   104
  170     103    99   105   106
  171       3     4     8   106
  172     125   132   134   137
  173     132   125   133   137
  174      32   102   110   111
  175       2    43    45   106
  176      75    60   100   101
  177      18    45    72   115
  178      94    53   101   105
  179       3    99   103   106
  180      55    80    92   116
  181      41   102   118   107
  182      11    13    48   103
  183      97    91    98   105
  184      76    10    95   114
  185      49    68    99   116
  186      10    76    83   114
  187     102    99   105   114
  188     130   131   137   139
  189      38    26   117   128
  190      26    23   116   128
  191     120   137   126   119
  192     117   102    38   128
  193      38    23    26   128
  194     105   104   106   115
  195      90    91    97   105
  196      38    36    63   128
  197      34    22    36   128
  198       6    44    64   116
  199      94    21    97   105
  200     102    41   118   121
  201      80    24    92   116
  202      46     4    66   106
  203      23    38    63   128
  204      17    18    85   115
  205     112   113   124   133
  206       9    72    81   115
  207      31   138   139   140
  208      36    34   102   121
  209      87    54   102   114
  210      92     5    93   116
  211      80    49    89   116
  212       9    51    72   115
  213      38    36   102   118
  214      24    89    96   116
  215      68    49    80   116
  216       1    64    96   116
  217      55    15    80   116
  218     116    99   117   128
  219      47    66   105   123
  220      82    71   104   105
  221      91    21    97    98
  222      60   101   108   121
  223      50    19    70   117
  224     112   113   118   124
  225     102   108   101   121
  226      41    42   118   121
  227      51     9    52   104
  228      61   112   113   118
  229      53    95   111   114
  230      44     7    45   106
  231       4    47    66   103
  232     113   121   124   133
  233      43    65    81   106
  234     102    99   104   105
  235      57    28    58   104
  236     104    99   107   115
  237     109   108   121   133
  238      27    38    56   107
  239     108   102   101   110
  240      57    73   104   107
  241     121    42   124   133
  242       6     1    99   116
  243      70    26    84   117
  244      34    61   102   121
  245      34    36    61   121
  246      66   103   105   106
  247       8    43     2   106
  248      28    57    73   104
  249      91    98   105   123
  250      60    42   101   121
  251     101    41   104   107
  252      82    91    90   105
  253      44    99   106   117
  254      19    56    70   117
  255      85   104   107   115
  256      78    61   113   121
  257      71    21    94   105
  258      91    82    66   105
  259      27    41    38   107
  260      66     4   103   106
  261      71     9    82   104
  262      19    27    56   107
  263      41    39    57   107
  264      83   105   114   123
  265     125   124   132   133
  266      12     3    99   103
  267      11     3    13   103
  268      27    39    41   107
  269      44     6    99   116
  270      18    72    85   115
  271      85    51   104   115
  272      93    26   116   117
  273     113    61   118   121
  274      21    90    97   105
  275      13    12    68   103
  276      99   105   106   115
  277     108    32   109   121
  278      32    78   109   121
  279       8    46    65   106
  280     102   105   111   114
  281      51    73    85   104
  282      98    76   105   123
  283      38    56   107   117
  284      54    78    87   102
  285       9    65    82   106
  286      34    61    78   102
  287      43    45   106   115
  288     103    83   105   114
  289       7     2    45   106
  290      78    32    87   102
  291      27    19    17   107
  292      81    43   106   115
  293       4     3    11   103
  294      68    12    99   103
  295     113   109   121   133
  296      12    49    68    99
  297      44    16    69   117
  298      44   106   115   117
  299      99   102   104   107
  300      41    57   104   107
  301      75    60   101   110
  302      42    41   101   121
  303      69    84    93   117
  304      82    66   105   106
  305      58    28    74   104
  306     135   134   136   140
  307     104     9   106   115
  308      65    46    82   106
  309     124   129   132   133
  310      64    44    69   117
  311      71    82    90   105
  312     127   126   134   136
  313     120   137   125   126
  314      16    19    50   117
  315      16    44   115   117
  316      19    16   115   117
  317      45    44   106   115
  318       4     3   103   106
  319      51    28    73   104
  320      41    58   101   104
  321      47    67    83   103
  322      43     8    65   106
  323      12     1    49    99
  324      74    52    86   104
  325       3     1    12    99
  326       3     6     1    99
  327     109    78   113   121
  328      50    70    84   117
  329     105    76   114   123
  330      34    36   102   128
  331      87    32    95   111
  332     129   132   133   137
  333      46    66    82   106
  334     120   133   137   119
  335       9    82   104   106
  336      61    33   112   118
  337      47    11    67   103
  338      14    48    68   103
  339      78    32   102   121
  340     135   130   137   139
  341      13     3    12   103
  342      99   104   105   115
  343     104    82   105   106
  344      59    42    60   133
  345      38    26    56   117
  346      74    86   101   104
  347      48    13    68   103
  348      11    48    67   103
  349      56    19   107   117
  350      86    94   101   105
  351      54   102   114   128
  352      14    54   114   128
  353      68    99   116   128
  354      15    68   116   128
  355      54    34   102   128
  356     103    14   114   128
  357      99   103   114   128
  358      99    68   103   128
  359      68    14   103   128
  360      63    22    79   128
  361      22    15    55   128
  362      15    22    14   128
  363      22    55    79   128
  364      23    63    79   128
  365      22    34    14   128
  366      79    55    88   128
  367      23    79    88   128
  368      15    14    68   128
  369      14    34    54   128
  370     108   122   129   133
  371     131   132   137   138
  372     132   134   137   138
  373     109   119   122   133
  374     124    42   129   133
  375     112   124   125   133
  376      60   108   129   133
  377     108   109   122   133
  378     109   113   119   133
  379     113   120   119   133
  380     120   112   125   133
  381      59    60   129   133
  382      42    59   129   133
  383     120   113   112   133
  384     122   126   130   137
  385     129   131   132   137
  386     122   130   131   137
  387     122   119   126   137
  388     129   122   131   137
  389     137   131   138   139
  390     131    31   138   139
  391      35   135   136   140
  392      35    31   139   140
  393     135    35   139   140
# Generated by tetgen -pq C:\Users\tonye\Downloads\TetGen\x64\Release\TreeLitho.stl 
