783  3  0  0
   1    -2.7053919999999998  6.5313949999999998  35.540930000000003
   2    -3.9276200000000001  5.8780999999999999  35.540930000000003
   3    -6.9336919999999997  1.3791949999999999  35.540930000000003
   4    -4.9989100000000004  -4.9989160000000004  35.540930000000003
   5    -2.705387  -6.5313970000000001  35.540930000000003
   6    6.8263329999999996e-06  -7.0695300000000003  35.540930000000003
   7    0  0  36.237220000000001
   8    1.3792040000000001  -6.9336900000000004  35.540930000000003
   9    5.8781049999999997  -3.927613  35.540930000000003
  10    2.7053790000000002  6.5313999999999997  35.540930000000003
  11    1.3791819999999999  6.9336950000000002  35.540930000000003
  12    -3.0901900000000002e-07  7.0695300000000003  35.540930000000003
  13    -2.7053919999999998  13.60092  33.478819999999999
  14    -1.379197  6.9336909999999996  35.540930000000003
  15    -7.7043049999999997  11.53031  33.478819999999999
  16    -4.9989129999999999  4.9989129999999999  35.540930000000003
  17    -5.8780999999999999  3.9276200000000001  35.540930000000003
  18    -6.5313949999999998  2.7053910000000001  35.540930000000003
  19    -7.0695300000000003  -2.3035449999999998e-06  35.540930000000003
  20    -13.867380000000001  -4.518567e-06  33.478819999999999
  21    -6.9336909999999996  -1.3792  35.540930000000003
  22    -6.5313929999999996  -2.7053950000000002  35.540930000000003
  23    -5.8780979999999996  -3.9276239999999998  35.540930000000003
  24    -11.5303  -7.7043119999999998  33.478819999999999
  25    -9.8057149999999993  -9.8057269999999992  33.478819999999999
  26    -7.7042970000000004  -11.53031  33.478819999999999
  27    -5.3068080000000002  -12.8118  33.478819999999999
  28    -3.9276170000000001  -5.8781030000000003  35.540930000000003
  29    -2.7053799999999999  -13.60093  33.478819999999999
  30    -1.3791910000000001  -6.9336919999999997  35.540930000000003
  31    1.339033e-05  -13.867380000000001  33.478819999999999
  32    2.705406  -13.60092  33.478819999999999
  33    5.306832  -12.811780000000001  33.478819999999999
  34    2.7054  -6.5313910000000002  35.540930000000003
  35    3.9276279999999999  -5.8780950000000001  35.540930000000003
  36    4.9989189999999999  -4.998907  35.540930000000003
  37    11.53032  -7.7042890000000002  33.478819999999999
  38    12.8118  -5.3067989999999998  33.478819999999999
  39    6.5313990000000004  -2.7053829999999999  35.540930000000003
  40    13.60093  -2.705371  33.478819999999999
  41    6.9336929999999999  -1.379186  35.540930000000003
  42    7.0695300000000003  1.1349119999999999e-05  35.540930000000003
  43    13.60092  2.7054149999999999  33.478819999999999
  44    6.9336890000000002  1.3792089999999999  35.540930000000003
  45    6.53139  2.7054040000000001  35.540930000000003
  46    5.8780919999999997  3.927632  35.540930000000003
  47    9.8057009999999991  9.8057390000000009  33.478819999999999
  48    7.7042820000000001  11.53032  33.478819999999999
  49    4.9989030000000003  4.9989220000000003  35.540930000000003
  50    3.9276089999999999  5.8781080000000001  35.540930000000003
  51    5.3067909999999996  12.8118  33.478819999999999
  52    -6.0616259999999998e-07  13.867380000000001  33.478819999999999
  53    -3.9276209999999998  19.745480000000001  30.130140000000001
  54    -5.3068169999999997  12.81179  33.478819999999999
  55    -11.18492  16.739409999999999  30.130140000000001
  56    -9.8057200000000009  9.8057200000000009  33.478819999999999
  57    -16.739409999999999  11.18492  30.130140000000001
  58    -11.53031  7.7043049999999997  33.478819999999999
  59    -12.81179  5.3068160000000004  33.478819999999999
  60    -18.59984  7.7043020000000002  30.130140000000001
  61    -13.60093  2.7053889999999998  33.478819999999999
  62    -19.745480000000001  3.927616  30.130140000000001
  63    -13.60092  -2.7053980000000002  33.478819999999999
  64    -12.81179  -5.3068239999999998  33.478819999999999
  65    -14.23569  -14.235709999999999  30.130140000000001
  66    -11.18491  -16.739419999999999  30.130140000000001
  67    1.943975e-05  -20.13232  30.130140000000001
  68    3.9276420000000001  -19.745480000000001  30.130140000000001
  69    7.704326  -18.599830000000001  30.130140000000001
  70    11.184939999999999  -16.7394  30.130140000000001
  71    7.7043189999999999  -11.5303  33.478819999999999
  72    14.235720000000001  -14.23568  30.130140000000001
  73    9.805733  -9.8057079999999992  33.478819999999999
  74    18.59985  -7.7042780000000004  30.130140000000001
  75    13.867380000000001  2.2262100000000002e-05  33.478819999999999
  76    19.745480000000001  3.927654  30.130140000000001
  77    18.599820000000001  7.704339  30.130140000000001
  78    12.811780000000001  5.3068400000000002  33.478819999999999
  79    16.73939  11.184950000000001  30.130140000000001
  80    11.530290000000001  7.7043270000000001  33.478819999999999
  81    14.235670000000001  14.23573  30.130140000000001
  82    2.7053630000000002  13.60093  33.478819999999999
  83    3.927578  19.74549  30.130140000000001
  84    -8.8001170000000003e-07  20.13232  30.130140000000001
  85    -7.7043049999999997  18.59984  30.130140000000001
  86    -9.8057189999999999  23.673100000000002  25.62358
  87    -14.2357  14.2357  30.130140000000001
  88    -20.13232  -6.5599429999999998e-06  30.130140000000001
  89    -25.62358  -8.3492219999999998e-06  25.62358
  90    -25.131229999999999  -4.9989229999999996  25.62358
  91    -19.745480000000001  -3.927629  30.130140000000001
  92    -18.599830000000001  -7.7043140000000001  30.130140000000001
  93    -21.305219999999998  -14.235709999999999  25.62358
  94    -16.739409999999999  -11.18493  30.130140000000001
  95    -9.8056999999999999  -23.673110000000001  25.62358
  96    -7.7042900000000003  -18.59985  30.130140000000001
  97    -3.927603  -19.74549  30.130140000000001
  98    2.4742109999999999e-05  -25.62358  25.62358
  99    4.998939  -25.131229999999999  25.62358
 100    14.23573  -21.305209999999999  25.62358
 101    18.11863  -18.118580000000001  25.62358
 102    16.739429999999999  -11.184900000000001  30.130140000000001
 103    23.673120000000001  -9.8056850000000004  25.62358
 104    19.74549  -3.9275910000000001  30.130140000000001
 105    20.13232  3.2319559999999999e-05  30.130140000000001
 106    23.673079999999999  9.8057610000000004  25.62358
 107    18.118569999999998  18.118639999999999  25.62358
 108    14.235659999999999  21.305260000000001  25.62358
 109    11.184889999999999  16.739439999999998  30.130140000000001
 110    7.7042669999999998  18.59986  30.130140000000001
 111    -1.120042e-06  25.62358  25.62358
 112    -1.3170310000000001e-06  30.13015  20.13232
 113    -4.9989129999999999  25.131229999999999  25.62358
 114    -21.305230000000002  21.305230000000002  20.13232
 115    -14.2357  21.305230000000002  25.62358
 116    -18.11861  18.11861  25.62358
 117    -21.305230000000002  14.2357  25.62358
 118    -23.673110000000001  9.8057160000000003  25.62358
 119    -29.551200000000001  5.8780929999999998  20.13232
 120    -30.13015  -9.8176480000000003e-06  20.13232
 121    -25.131229999999999  4.998907  25.62358
 122    -29.551200000000001  -5.8781119999999998  20.13232
 123    -23.673100000000002  -9.8057309999999998  25.62358
 124    -25.052289999999999  -16.739429999999999  20.13232
 125    -21.305219999999998  -21.305240000000001  20.13232
 126    -18.118600000000001  -18.11862  25.62358
 127    -14.23568  -21.305240000000001  25.62358
 128    -16.7394  -25.052309999999999  20.13232
 129    -11.530279999999999  -27.836639999999999  20.13232
 130    -4.9988900000000003  -25.131239999999998  25.62358
 131    5.8781309999999998  -29.551200000000001  20.13232
 132    11.530340000000001  -27.83661  20.13232
 133    9.8057459999999992  -23.673089999999998  25.62358
 134    16.739439999999998  -25.05228  20.13232
 135    21.305260000000001  -21.305199999999999  20.13232
 136    25.052320000000002  -16.739380000000001  20.13232
 137    21.305250000000001  -14.235670000000001  25.62358
 138    27.836639999999999  -11.53027  20.13232
 139    25.131239999999998  -4.9988739999999998  25.62358
 140    25.62358  4.1134999999999998e-05  25.62358
 141    25.131219999999999  4.9989549999999996  25.62358
 142    29.551189999999998  5.8781499999999998  20.13232
 143    27.83661  11.53036  20.13232
 144    21.305199999999999  14.23574  25.62358
 145    16.739360000000001  25.052330000000001  20.13232
 146    11.530250000000001  27.836649999999999  20.13232
 147    9.8056710000000002  23.673120000000001  25.62358
 148    4.9988580000000002  25.131239999999998  25.62358
 149    -6.5313939999999997  32.835529999999999  13.867380000000001
 150    -5.8780999999999999  29.551200000000001  20.13232
 151    -11.53031  27.83663  20.13232
 152    -16.739409999999999  25.052299999999999  20.13232
 153    -27.83662  18.599830000000001  13.867380000000001
 154    -25.052299999999999  16.739409999999999  20.13232
 155    -30.930399999999999  12.811780000000001  13.867380000000001
 156    -27.83663  11.5303  20.13232
 157    -30.930389999999999  -12.8118  13.867380000000001
 158    -27.83662  -11.53032  20.13232
 159    -27.83661  -18.59985  13.867380000000001
 160    -23.673089999999998  -23.673120000000001  13.867380000000001
 161    -18.599820000000001  -27.836639999999999  13.867380000000001
 162    -12.81176  -30.930409999999998  13.867380000000001
 163    -5.8780739999999998  -29.551210000000001  20.13232
 164    3.2327119999999999e-05  -33.478819999999999  13.867380000000001
 165    6.531428  -32.835529999999999  13.867380000000001
 166    2.9093640000000002e-05  -30.13015  20.13232
 167    18.599869999999999  -27.836600000000001  13.867380000000001
 168    27.836649999999999  -18.599799999999998  13.867380000000001
 169    29.551210000000001  -5.8780549999999998  20.13232
 170    30.13015  4.8369640000000001e-05  20.13232
 171    32.835529999999999  6.5314490000000003  13.867380000000001
 172    27.836590000000001  18.599889999999998  13.867380000000001
 173    25.05227  16.739460000000001  20.13232
 174    21.30519  21.30527  20.13232
 175    23.67306  23.67315  13.867380000000001
 176    18.599779999999999  27.836659999999998  13.867380000000001
 177    5.8780359999999998  29.551220000000001  20.13232
 178    -12.81179  30.930399999999999  13.867380000000001
 179    -18.599830000000001  27.83662  13.867380000000001
 180    -23.673100000000002  23.673100000000002  13.867380000000001
 181    -32.835540000000002  13.60092  7.0695309999999996
 182    -34.858020000000003  6.9336820000000001  7.0695309999999996
 183    -32.835540000000002  6.5313860000000004  13.867380000000001
 184    -35.540930000000003  -1.1580700000000001e-05  7.0695309999999996
 185    -33.478819999999999  -1.0908790000000001e-05  13.867380000000001
 186    -32.835529999999999  -6.5314069999999997  13.867380000000001
 187    -32.835529999999999  -13.60094  7.0695309999999996
 188    -19.745460000000001  -29.551220000000001  7.0695309999999996
 189    -13.600899999999999  -32.835549999999998  7.0695309999999996
 190    -6.9336609999999999  -34.858020000000003  7.0695309999999996
 191    3.4318289999999999e-05  -35.540930000000003  7.0695309999999996
 192    -6.5313650000000001  -32.835540000000002  13.867380000000001
 193    13.600960000000001  -32.835520000000002  7.0695309999999996
 194    12.811820000000001  -30.93038  13.867380000000001
 195    25.131260000000001  -25.1312  7.0695309999999996
 196    23.67313  -23.673069999999999  13.867380000000001
 197    32.835560000000001  -13.60088  7.0695309999999996
 198    30.930420000000002  -12.81174  13.867380000000001
 199    32.835540000000002  -6.5313429999999997  13.867380000000001
 200    35.540930000000003  5.7055880000000002e-05  7.0695309999999996
 201    33.478819999999999  5.374546e-05  13.867380000000001
 202    34.85801  6.9337499999999999  7.0695309999999996
 203    30.93037  12.81184  13.867380000000001
 204    32.835509999999999  13.60098  7.0695309999999996
 205    29.551159999999999  19.745539999999998  7.0695309999999996
 206    12.811730000000001  30.930420000000002  13.867380000000001
 207    6.9336149999999996  34.858040000000003  7.0695309999999996
 208    6.5313220000000003  32.835549999999998  13.867380000000001
 209    -1.463406e-06  33.478819999999999  13.867380000000001
 210    -1.553543e-06  35.540930000000003  7.0695309999999996
 211    -7.0695300000000003  35.540930000000003  2.7358339999999998e-06
 212    -6.9336909999999996  34.858020000000003  7.0695309999999996
 213    -13.60092  32.835540000000002  7.0695309999999996
 214    -19.745480000000001  29.551200000000001  7.0695309999999996
 215    -30.13015  20.13232  2.7358339999999998e-06
 216    -25.131229999999999  25.131229999999999  7.0695309999999996
 217    -29.551200000000001  19.745480000000001  7.0695309999999996
 218    -33.478819999999999  13.867380000000001  2.7358339999999998e-06
 219    -34.858020000000003  -6.9337049999999998  7.0695309999999996
 220    -29.551189999999998  -19.7455  7.0695309999999996
 221    -25.623570000000001  -25.6236  2.7358339999999998e-06
 222    -25.131219999999999  -25.131250000000001  7.0695309999999996
 223    -20.132300000000001  -30.13016  2.7358339999999998e-06
 224    -13.86736  -33.478839999999998  2.7358339999999998e-06
 225    6.9337280000000003  -34.85801  7.0695309999999996
 226    13.867419999999999  -33.478810000000003  2.7358339999999998e-06
 227    19.745519999999999  -29.551179999999999  7.0695309999999996
 228    20.132359999999998  -30.130120000000002  2.7358339999999998e-06
 229    30.13017  -20.132280000000002  2.7358339999999998e-06
 230    29.55123  -19.745439999999999  7.0695309999999996
 231    33.478839999999998  -13.867330000000001  2.7358339999999998e-06
 232    35.540939999999999  -7.0694759999999999  2.7358339999999998e-06
 233    34.858029999999999  -6.9336380000000002  7.0695309999999996
 234    36.237220000000001  5.817367e-05  2.7358339999999998e-06
 235    33.4788  13.86744  2.7358339999999998e-06
 236    25.131180000000001  25.13128  7.0695309999999996
 237    20.132259999999999  30.130189999999999  2.7358339999999998e-06
 238    19.745419999999999  29.55124  7.0695309999999996
 239    7.0694530000000002  35.540950000000002  2.7358339999999998e-06
 240    13.600860000000001  32.835560000000001  7.0695309999999996
 241    -13.867380000000001  33.478819999999999  2.7358339999999998e-06
 242    -20.13232  30.13015  2.7358339999999998e-06
 243    -25.131229999999999  25.131229999999999  -7.0695259999999998
 244    -25.62358  25.62358  2.7358339999999998e-06
 245    -29.551210000000001  19.745480000000001  -7.0695259999999998
 246    -35.540930000000003  7.0695220000000001  2.7358339999999998e-06
 247    -36.237220000000001  -1.1807580000000001e-05  2.7358339999999998e-06
 248    -34.858020000000003  -6.9337059999999999  -7.0695259999999998
 249    -32.835529999999999  -13.60094  -7.0695259999999998
 250    -35.54092  -7.0695449999999997  2.7358339999999998e-06
 251    -33.478819999999999  -13.8674  2.7358339999999998e-06
 252    -30.130130000000001  -20.132339999999999  2.7358339999999998e-06
 253    -19.745460000000001  -29.551220000000001  -7.0695259999999998
 254    -7.0694990000000004  -35.540939999999999  2.7358339999999998e-06
 255    3.4990629999999999e-05  -36.237220000000001  2.7358339999999998e-06
 256    6.9337280000000003  -34.858020000000003  -7.0695259999999998
 257    7.0695680000000003  -35.54092  2.7358339999999998e-06
 258    25.131270000000001  -25.1312  -7.0695259999999998
 259    25.623609999999999  -25.623550000000002  2.7358339999999998e-06
 260    29.55123  -19.745439999999999  -7.0695259999999998
 261    32.835560000000001  -13.60088  -7.0695259999999998
 262    34.85801  6.933751  -7.0695259999999998
 263    35.54092  7.0695899999999998  2.7358339999999998e-06
 264    30.130109999999998  20.132380000000001  2.7358339999999998e-06
 265    25.623529999999999  25.623629999999999  2.7358339999999998e-06
 266    13.600860000000001  32.835569999999997  -7.0695259999999998
 267    13.86731  33.478850000000001  2.7358339999999998e-06
 268    6.9336159999999998  34.858040000000003  -7.0695259999999998
 269    -1.553543e-06  35.540930000000003  -7.0695259999999998
 270    -1.5839790000000001e-06  36.237220000000001  2.7358339999999998e-06
 271    -6.5313949999999998  32.835540000000002  -13.867380000000001
 272    -6.9336919999999997  34.858020000000003  -7.0695259999999998
 273    -12.81179  30.930399999999999  -13.867380000000001
 274    -13.60092  32.835540000000002  -7.0695259999999998
 275    -19.745480000000001  29.551210000000001  -7.0695259999999998
 276    -23.673100000000002  23.673100000000002  -13.867380000000001
 277    -30.930399999999999  12.81179  -13.867380000000001
 278    -32.835540000000002  13.60092  -7.0695259999999998
 279    -34.858020000000003  6.9336830000000003  -7.0695259999999998
 280    -35.540930000000003  -1.158071e-05  -7.0695259999999998
 281    -33.478819999999999  -1.0908790000000001e-05  -13.867380000000001
 282    -29.551189999999998  -19.7455  -7.0695259999999998
 283    -27.83661  -18.59986  -13.867380000000001
 284    -23.673089999999998  -23.673120000000001  -13.867380000000001
 285    -18.599820000000001  -27.836639999999999  -13.867380000000001
 286    -25.131219999999999  -25.131250000000001  -7.0695259999999998
 287    -13.600899999999999  -32.835549999999998  -7.0695259999999998
 288    -6.9336609999999999  -34.858029999999999  -7.0695259999999998
 289    3.4318289999999999e-05  -35.540930000000003  -7.0695259999999998
 290    3.2327119999999999e-05  -33.478819999999999  -13.867380000000001
 291    12.81183  -30.930389999999999  -13.867380000000001
 292    13.600960000000001  -32.835520000000002  -7.0695259999999998
 293    19.745519999999999  -29.551179999999999  -7.0695259999999998
 294    30.930420000000002  -12.81175  -13.867380000000001
 295    34.858029999999999  -6.9336390000000003  -7.0695259999999998
 296    35.540930000000003  5.7055880000000002e-05  -7.0695259999999998
 297    32.835509999999999  13.60098  -7.0695259999999998
 298    27.836590000000001  18.599889999999998  -13.867380000000001
 299    29.551169999999999  19.745539999999998  -7.0695259999999998
 300    25.13119  25.13128  -7.0695259999999998
 301    19.745419999999999  29.55124  -7.0695259999999998
 302    12.811730000000001  30.930430000000001  -13.867380000000001
 303    -18.59984  27.83663  -13.867380000000001
 304    -27.83663  18.59984  -13.867380000000001
 305    -27.83663  11.5303  -20.13232
 306    -32.835540000000002  6.5313869999999996  -13.867380000000001
 307    -29.551200000000001  5.8780929999999998  -20.13232
 308    -30.13015  -9.8176480000000003e-06  -20.13232
 309    -29.551200000000001  -5.8781119999999998  -20.13232
 310    -32.835540000000002  -6.5314079999999999  -13.867380000000001
 311    -27.83662  -11.53032  -20.13232
 312    -30.930389999999999  -12.811809999999999  -13.867380000000001
 313    -16.7394  -25.052309999999999  -20.13232
 314    -12.811769999999999  -30.930409999999998  -13.867380000000001
 315    -11.530279999999999  -27.836639999999999  -20.13232
 316    -5.8780739999999998  -29.551210000000001  -20.13232
 317    -6.5313660000000002  -32.835540000000002  -13.867380000000001
 318    6.5314290000000002  -32.835529999999999  -13.867380000000001
 319    18.599869999999999  -27.836600000000001  -13.867380000000001
 320    21.305260000000001  -21.305199999999999  -20.13232
 321    25.052320000000002  -16.739380000000001  -20.13232
 322    23.67313  -23.673069999999999  -13.867380000000001
 323    27.836649999999999  -18.599799999999998  -13.867380000000001
 324    32.835549999999998  -6.5313439999999998  -13.867380000000001
 325    29.551210000000001  -5.8780549999999998  -20.13232
 326    30.13015  4.8369640000000001e-05  -20.13232
 327    33.478819999999999  5.374547e-05  -13.867380000000001
 328    29.551189999999998  5.8781499999999998  -20.13232
 329    32.835529999999999  6.5314500000000004  -13.867380000000001
 330    30.93038  12.81185  -13.867380000000001
 331    27.83661  11.53036  -20.13232
 332    25.05227  16.739460000000001  -20.13232
 333    21.30519  21.30527  -20.13232
 334    23.67306  23.67315  -13.867380000000001
 335    18.599779999999999  27.836659999999998  -13.867380000000001
 336    11.530250000000001  27.836649999999999  -20.13232
 337    5.8780359999999998  29.551220000000001  -20.13232
 338    6.5313230000000004  32.835549999999998  -13.867380000000001
 339    -1.463406e-06  33.478819999999999  -13.867380000000001
 340    -1.3170310000000001e-06  30.13015  -20.13232
 341    -5.8780999999999999  29.551200000000001  -20.13232
 342    -4.9989129999999999  25.131229999999999  -25.62358
 343    -11.53031  27.83663  -20.13232
 344    -14.2357  21.305230000000002  -25.62358
 345    -16.739409999999999  25.052299999999999  -20.13232
 346    -21.305230000000002  21.305230000000002  -20.13232
 347    -25.052299999999999  16.739409999999999  -20.13232
 348    -25.131229999999999  4.998907  -25.62358
 349    -25.62358  -8.3492219999999998e-06  -25.62358
 350    -25.131229999999999  -4.9989229999999996  -25.62358
 351    -21.305219999999998  -14.235709999999999  -25.62358
 352    -25.052289999999999  -16.739429999999999  -20.13232
 353    -14.23568  -21.305240000000001  -25.62358
 354    -21.305219999999998  -21.305240000000001  -20.13232
 355    -4.9988900000000003  -25.131239999999998  -25.62358
 356    2.4742109999999999e-05  -25.62358  -25.62358
 357    2.9093640000000002e-05  -30.13015  -20.13232
 358    5.8781309999999998  -29.551200000000001  -20.13232
 359    4.998939  -25.131229999999999  -25.62358
 360    9.8057459999999992  -23.673089999999998  -25.62358
 361    11.530340000000001  -27.83661  -20.13232
 362    16.739439999999998  -25.05228  -20.13232
 363    14.23573  -21.305209999999999  -25.62358
 364    18.11863  -18.118580000000001  -25.62358
 365    27.836639999999999  -11.53027  -20.13232
 366    25.62358  4.1134999999999998e-05  -25.62358
 367    23.673079999999999  9.8057610000000004  -25.62358
 368    18.118569999999998  18.118639999999999  -25.62358
 369    16.739360000000001  25.052330000000001  -20.13232
 370    -1.120042e-06  25.62358  -25.62358
 371    -3.9276200000000001  19.745480000000001  -30.13015
 372    -7.7043030000000003  18.59984  -30.13015
 373    -9.8057189999999999  23.673100000000002  -25.62358
 374    -11.18491  16.739409999999999  -30.13015
 375    -18.11861  18.11861  -25.62358
 376    -14.2357  14.2357  -30.13015
 377    -21.305230000000002  14.2357  -25.62358
 378    -23.673110000000001  9.8057160000000003  -25.62358
 379    -23.673100000000002  -9.8057309999999998  -25.62358
 380    -18.599830000000001  -7.704313  -30.13015
 381    -16.7394  -11.18493  -30.13015
 382    -14.23569  -14.235709999999999  -30.13015
 383    -18.118600000000001  -18.11862  -25.62358
 384    -3.927603  -19.745480000000001  -30.13015
 385    -9.8056999999999999  -23.673110000000001  -25.62358
 386    1.943975e-05  -20.13232  -30.13015
 387    14.235709999999999  -14.23568  -30.13015
 388    16.739429999999999  -11.184889999999999  -30.13015
 389    21.305250000000001  -14.235670000000001  -25.62358
 390    23.673120000000001  -9.8056850000000004  -25.62358
 391    18.59985  -7.7042770000000003  -30.13015
 392    25.131239999999998  -4.9988739999999998  -25.62358
 393    25.131219999999999  4.9989549999999996  -25.62358
 394    16.73939  11.184950000000001  -30.13015
 395    21.305199999999999  14.23574  -25.62358
 396    11.18488  16.739429999999999  -30.13015
 397    14.235659999999999  21.305260000000001  -25.62358
 398    9.8056710000000002  23.673120000000001  -25.62358
 399    7.7042659999999996  18.59985  -30.13015
 400    3.9275769999999999  19.74549  -30.13015
 401    4.9988580000000002  25.131239999999998  -25.62358
 402    -8.8001150000000004e-07  20.13232  -30.13015
 403    -2.7053910000000001  13.60092  -33.478819999999999
 404    -16.739409999999999  11.18491  -30.13015
 405    -12.81179  5.306813  -33.478819999999999
 406    -18.59984  7.7043010000000001  -30.13015
 407    -19.745480000000001  3.9276149999999999  -30.13015
 408    -13.867380000000001  -4.5185650000000003e-06  -33.478819999999999
 409    -20.13232  -6.5599420000000004e-06  -30.13015
 410    -12.811780000000001  -5.3068220000000004  -33.478819999999999
 411    -19.745480000000001  -3.9276279999999999  -30.13015
 412    -11.5303  -7.7043090000000003  -33.478819999999999
 413    -9.8057110000000005  -9.8057230000000004  -33.478819999999999
 414    -11.184900000000001  -16.739419999999999  -30.13015
 415    -7.7042890000000002  -18.59984  -30.13015
 416    1.339033e-05  -13.867380000000001  -33.478819999999999
 417    3.9276409999999999  -19.745480000000001  -30.13015
 418    7.7043249999999999  -18.599830000000001  -30.13015
 419    11.184939999999999  -16.7394  -30.13015
 420    9.8057289999999995  -9.8057040000000004  -33.478819999999999
 421    11.53031  -7.7042869999999999  -33.478819999999999
 422    19.74549  -3.9275899999999999  -30.13015
 423    13.867380000000001  2.2262090000000001e-05  -33.478819999999999
 424    20.13232  3.2319559999999999e-05  -30.13015
 425    19.745470000000001  3.927654  -30.13015
 426    12.811780000000001  5.3068379999999999  -33.478819999999999
 427    18.599820000000001  7.7043369999999998  -30.13015
 428    11.530290000000001  7.7043239999999997  -33.478819999999999
 429    9.8056970000000003  9.8057359999999996  -33.478819999999999
 430    14.235670000000001  14.23573  -30.13015
 431    2.705362  13.60093  -33.478819999999999
 432    -6.0616229999999995e-07  13.867380000000001  -33.478819999999999
 433    -3.090186e-07  7.0695220000000001  -35.540930000000003
 434    -1.3791949999999999  6.9336830000000003  -35.540930000000003
 435    -5.3068150000000003  12.81179  -33.478819999999999
 436    -7.7043010000000001  11.5303  -33.478819999999999
 437    -9.8057169999999996  9.8057169999999996  -33.478819999999999
 438    -11.5303  7.7043010000000001  -33.478819999999999
 439    -6.5313869999999996  2.7053880000000001  -35.540930000000003
 440    -6.9336830000000003  1.379194  -35.540930000000003
 441    -13.60092  2.7053880000000001  -33.478819999999999
 442    -7.0695220000000001  -2.3035430000000002e-06  -35.540930000000003
 443    -13.60092  -2.7053970000000001  -33.478819999999999
 444    -6.5313850000000002  -2.7053919999999998  -35.540930000000003
 445    -4.9989039999999996  -4.9989100000000004  -35.540930000000003
 446    -7.704294  -11.53031  -33.478819999999999
 447    -3.9276119999999999  -5.8780960000000002  -35.540930000000003
 448    -2.705384  -6.5313889999999999  -35.540930000000003
 449    -5.3068049999999998  -12.81179  -33.478819999999999
 450    -2.7053790000000002  -13.60092  -33.478819999999999
 451    6.826324e-06  -7.0695220000000001  -35.540930000000003
 452    2.7054049999999998  -13.60092  -33.478819999999999
 453    2.7053959999999999  -6.5313840000000001  -35.540930000000003
 454    5.3068299999999997  -12.811780000000001  -33.478819999999999
 455    3.9276230000000001  -5.878088  -35.540930000000003
 456    7.7043160000000004  -11.530290000000001  -33.478819999999999
 457    5.8780979999999996  -3.9276080000000002  -35.540930000000003
 458    12.81179  -5.3067970000000004  -33.478819999999999
 459    6.5313910000000002  -2.7053790000000002  -35.540930000000003
 460    13.60092  -2.7053699999999998  -33.478819999999999
 461    6.933681  1.3792070000000001  -35.540930000000003
 462    13.600910000000001  2.7054140000000002  -33.478819999999999
 463    5.8780849999999996  3.9276270000000002  -35.540930000000003
 464    3.9276040000000001  5.8780999999999999  -35.540930000000003
 465    7.7042789999999997  11.53032  -33.478819999999999
 466    5.3067890000000002  12.8118  -33.478819999999999
 467    1.3791800000000001  6.9336859999999998  -35.540930000000003
 468    -3.927616  5.8780929999999998  -35.540930000000003
 469    -2.7053889999999998  6.5313869999999996  -35.540930000000003
 470    -4.998907  4.998907  -35.540930000000003
 471    -5.8780929999999998  3.927616  -35.540930000000003
 472    -6.9336820000000001  -1.3791979999999999  -35.540930000000003
 473    -5.8780900000000003  -3.927619  -35.540930000000003
 474    -1.379189  -6.9336840000000004  -35.540930000000003
 475    1.379203  -6.933681  -35.540930000000003
 476    4.9989129999999999  -4.9988999999999999  -35.540930000000003
 477    0  0  -36.237220000000001
 478    6.9336849999999997  -1.3791850000000001  -35.540930000000003
 479    7.0695220000000001  1.134911e-05  -35.540930000000003
 480    6.5313819999999998  2.7054  -35.540930000000003
 481    4.9988970000000004  4.9989169999999996  -35.540930000000003
 482    2.7053750000000001  6.5313920000000003  -35.540930000000003
 483    -9.744123824262374e-06  1.1703185256450865e-06  -6.4663603822623372e-06
 484    -10.235418094873697  -12.471911557826839  -8.5823798240055904
 485    -18.55544712248301  1.8275376072865388  -1.8275428597374184
 486    -4.7512116376250502  -3.8992200405558783  -20.164355199968906
 487    -9.5088998727858662  -17.789936169195872  6.089568658823044
 488    -8.024178245569205  -2.4341022277198086  -27.509364731921014
 489    6.6221643661066691  -12.389155684760423  -17.03504754650664
 490    -12.869052864570158  6.8786383322090412  -17.694864695298051
 491    5.4395787455100901  -17.931843930217337  9.9678498918161651
 492    -2.1368070922818632  7.0440861248593798  -23.694323226946167
 493    -2.2490549004257083  1.8457509642871788  -29.398219905291302
 494    16.463012879940536  -13.510819899516866  -6.4293254172788981
 495    12.1131672581646  -3.6744742546668689  15.349801514366808
 496    13.905280791844968  11.411808262226504  9.5687609651160059
 497    0.96513996397577451  9.7993834161644831  18.33335365050187
 498    10.606006583316102  -12.923435323275093  20.273245658013561
 499    -6.4982277582034849  3.4733846500097014  24.172974808814651
 500    1.9960732919176536  20.266711148583209  16.632445131388856
 501    4.7357169075051866  0.46643613169478204  24.15764173963732
 502    9.1141348621960177  -11.105577867061166  26.748726086383989
 503    1.7868062495621126  -5.8902857015451877  -26.374575904611994
 504    -10.130606386932961  8.3139756451766402  -25.357861816790091
 505    18.327582024673202  1.8051562369271839  -9.7962891509096206
 506    -5.0383702352305955  9.4261448248867037  -28.455823117217218
 507    -13.425112382413857  -1.3222607972309603  25.116616725306699
 508    8.9029201971560887  16.656320787462718  -5.7015254088599967
 509    -7.7439722544442278  -14.487986557029251  -19.920891780650063
 510    -4.1727161172922864  -7.8066101539824801  -29.040055248765402
 511    -15.197383308092888  -8.1231850976107864  -20.896330756450183
 512    11.553056479123645  -3.5045622390090552  25.738552920464741
 513    -1.783698894971208  -3.3370705908548945  -31.165181476041045
 514    -13.364754096178361  16.285028327694391  -6.3598298290436475
 515    6.3175062156551434  1.9164060952733548  -26.550143126219307
 516    4.1767437090038682  7.8141758439543025  -29.06817393905034
 517    -6.6211817912754913  0.65212767308934128  -30.848633433774864
 518    1.963802  2.9390499999999999  -35.889075000000005
 519    -1.3526943258397628  3.2656930795399814  -35.889075044823883
 520    3.5347607016784535  5.6745545210872744e-06  -35.889075029382234
 521    -0.6895974589921382  3.4668412938395123  -35.889075020702919
 522    3.4668401095123258  0.68960342232649108  -35.889075039213324
 523    -1.5450928696014899e-07  3.5347607016829614  -35.889075029381786
 524    3.2656907670562418  1.3526999035110727  -35.889075024833403
 525    0.68958995744511553  3.4668427860596829  -35.889075021484174
 526    2.9390423739786651  1.9638134157948897  -35.88907501492789
 527    1.3526874657227588  3.2656959172469251  -35.889075008822033
 528    2.4994482622869185  2.4994582622859673  -35.889075033110757
 529    1.9638113409301461  -2.9390437619357561  -35.889075028199947
 530    2.499456509887457  -2.4994500098874313  -35.889074998622796
 531    2.9390487696991157  -1.9638038461183203  -35.889075027280292
 532    3.2656951396133356  -1.3526893507236033  -35.889075038419634
 533    -3.4668413885911633  0.68959697783942542  -35.889075011187828
 534    -3.2656932546182613  1.3526938983595964  -35.889075026159354
 535    -2.9390461514443875  1.963807767102596  -35.889075041288187
 536    -2.4994532622913961  2.4994532622913961  -35.889075033110068
 537    -1.9638077671025962  2.9390461514443875  -35.889075041288187
 538    3.4668422886547461  -0.68959245796114144  -35.889075021223576
 539    -2.499451762291093  -2.4994547622908079  -35.889075033110124
 540    -2.9390449922409037  -1.9638094948155311  -35.889075000919107
 541    -3.2656923996575724  -1.3526959584367479  -35.889075010697184
 542    -1.3526918382820945  -3.2656941095775873  -35.889075041621659
 543    -0.68959447732396639  -3.4668418859993437  -35.889075011448107
 544    3.4131617119437666e-06  -3.5347607016813325  -35.889075029381949
 545    0.68960149771680912  -3.4668404885216919  -35.889075001152669
 546    1.3526978434348504  -3.2656916220194332  -35.889075040295303
 547    -3.4668409859331168  -0.68959899720191697  -35.889075001412621
 548    -3.5347607016827789  -1.1517714027958969e-06  -35.889075029381807
 549    -1.963805692235584  -2.939047539397277  -35.889075054560706
 550    -1.7877948155581045  -2.178439829541027  28.475112310306685
 551    11.852046136010063  9.7267641079498155  20.310443146394125
 552    13.441642951076046  4.0775025507401486  -26.152584832626225
 553    9.1850096976301732  -0.90462998134469785  30.278927804599661
 554    -11.6414664674516  14.185156670792541  9.7613525639916983
 555    3.385133926336338  -1.0268668865063413  30.920467496837784
 556    -3.8822659551982728  12.798112142155492  24.900499256952131
 557    7.0032446178082246  -5.7474053210373448  -29.72203598308726
 558    -3.2656974999999999  1.3526955000000001  35.889075000000005
 559    -2.9390500767189103  1.9638100512619259  35.88907499091227
 560    -3.4668459144682884  0.68959748298671053  35.889075008589202
 561    -1.5450951023877787e-07  3.5347652342359117  35.889074976929713
 562    -2.4994549689382675  -2.4994579689382301  35.889075004326543
 563    -0.68959854004385268  3.4668457013140257  35.889074979783793
 564    -2.9390488464148392  -1.9638118973775593  35.889075018192926
 565    -1.3526959274802111  3.2656973249217169  35.889075018664506
 566    -3.2656966450393354  -1.3526975600773363  35.889074984537842
 567    -1.9638100512619263  2.9390500767189107  35.88907499091227
 568    -3.4668454170585896  -0.68959998350189056  35.88907500832908
 569    -2.4994564689386949  2.4994564689386949  35.889075004326479
 570    0.68960200286421525  -3.4668450143993059  35.889074998554008
 571    3.4131667261764509e-06  -3.5347652342342819  35.889074976929869
 572    -0.68959555837536912  -3.4668462934740942  35.889074970528966
 573    -1.3526934399223127  -3.2656983549592993  35.889075015462296
 574    3.2656992099172362  -1.3526913798442755  35.88907503092473
 575    2.9390524662231114  -1.9638064774310691  35.889075004001036
 576    3.265694837359109  1.3527019326315965  35.889075017338612
 577    -3.5347652342357283  -1.1517725763236792e-06  35.889074976929727
 578    0.68959094374531338  3.4668472171853759  35.88907502840059
 579    2.9390460705018726  1.963816047108043  35.889074991648698
 580    2.4994517165319583  2.4994612165327812  35.889074969839577
 581    1.9638044025621977  2.9390538541733853  35.889075017273861
 582    1.3526894948434871  3.2656999875510051  35.889075001327143
 583    -1.9638083235483976  -2.9390512359211214  35.889075031281436
 584    2.4994594689368745  -2.4994534689369492  35.889075004326727
 585    1.9638139722432078  -2.9390474584591355  35.889075004920727
 586    1.3527000476341293  -3.2656956149985672  35.889074987740386
 587    3.4668445169863626  0.68960450337882817  35.889074998294213
 588    3.5347652342314029  5.6745603760250392e-06  35.889074976930154
 589    3.4668467908806866  -0.68959305785929237  35.889074970789402
 590    2.3312984610132164  -4.3615415941752342  -31.852217770562547
 591    -5.8159530000000004  -8.7042029999999997  -34.509875000000001
 592    -3.9356052427704222  -9.5014129689448978  -34.56575084717187
 593    -7.2720598137179824  -7.272068651138933  -34.565750980949311
 594    -1.971046252808859  -9.9091641218440234  -34.620643495359133
 595    -8.4005790834930778  -5.6130941144662838  -34.620643958971463
 596    9.5840742702837623e-06  -9.9255210251152484  -34.674571192610905
 597    -9.1699836264581727  -3.7983375272840449  -34.674570381917754
 598    1.9023114779271277  -9.5635135935765341  -34.727549215309352
 599    -9.5635144957147986  -1.9023053535974672  -34.727549123580346
 600    3.6658503862135197  -8.8501181617576492  -34.779595061518087
 601    -9.5793031820690615  -3.1213330352536014e-06  -34.779595345266635
 602    5.2283419983502579  -7.8247451743886316  -34.830725158439392
 603    -9.2299250185028203  1.8359442831362272  -34.830725213703239
 604    6.5373248065290319  -6.5373079659531337  -34.880955836154001
 605    -8.5414170357073242  3.5379687094926755  -34.880955944683421
 606    7.5518191626878641  -5.045950264405306  -34.930302311797533
 607    -7.5518124636324639  5.0459598951384432  -34.93030239150103
 608    8.2434831199898237  -3.4145484745190058  -34.978780639497238
 609    -6.3092847954171436  6.3092847954171436  -34.978781058038983
 610    8.5972491855501634  -1.7100858711128142  -35.02640601177027
 611    -4.8699490354160186  7.2883936682076129  -35.026406184627071
 612    8.6114394185851229  1.382443589687385e-05  -35.07319393842905
 613    -3.2954545835514248  7.9559324843355608  -35.07319417338136
 614    8.2973579416112209  1.6504618055126641  -35.119157797775372
 615    -1.6504474269793681  8.297360931087594  -35.119157997823535
 616    9.6715809999999998  4.006119  -34.509875000000001
 617    -4.5759044999999995e-07  10.468451  -34.509875000000001
 618    7.6784116892793008  3.1805174401398397  -35.164313519235606
 619    -3.6328787662994003e-07  8.3110587927809032  -35.164313507604689
 620    10.08664010497653  2.006375563691694  -34.565749981440092
 621    8.5510327241407467  5.7136403613199072  -34.565750891770932
 622    -2.0063578807898494  10.086643470268855  -34.565750729284694
 623    2.0063366845221164  10.086651914135446  -34.565750069402313
 624    3.8663451933242845  9.3342394091072709  -34.620642708028811
 625    5.514309753401168  8.2527840788495581  -34.674569563598645
 626    10.103295237114148  1.6219395119395249e-05  -34.620643914296906
 627    7.1440939470549658  7.1441224264470753  -34.62064372295675
 628    -3.8663629883543287  9.3342284105888425  -34.620643944918925
 629    9.734808250643141  -1.9363586466697476  -34.674570217213926
 630    -5.5143245477366287  8.2527695114053223  -34.674570331832498
 631    -13.052326280284902  10.711770909429124  19.789393496673959
 632    -4.2046583327166482  7.8663503293224748  29.262279659709368
 633    0.48113411469061462  -4.8849799525277664  31.479444288441996
 634    -18.674310277541654  -1.8392557922207784  11.911048494175656
 635    -9.2394669065790129  17.285816908573672  -16.591236530589462
 636    -1.3936248572531245  -14.149942289642265  -24.892793397418931
 637    -10.782538833822251  8.8489999601501808  26.38747982093442
 638    18.081491324070559  9.6648063416281893  -16.74486327689754
 639    5.8630525004676066  -1.7785281302427234  -31.278451359625134
 640    -2.3228508238434387  7.9398307691659245  -31.111911281941623
 641    10.414885562649534  2.9852711974291255  -29.807160658620141
 642    -4.7188893282626294  -1.431460901660691  31.707899138113667
 643    -13.052952231837351  -10.71230282107171  17.680122273251307
 644    5.097337392900017  -0.502035723415863  -33.635593383303963
 645    -4.575908e-07  10.468455000000001  34.509875000000001
 646    2.0063379904811018  10.08665554625671  34.565750413253561
 647    -2.0063592891352551  10.086647090038763  34.565750913931439
 648    -3.8663648921897709  9.3342312713682603  34.620644460069599
 649    3.8663476458547681  9.3342422577532069  34.620643227161416
 650    -5.5143258344507142  8.2527737110827797  34.674571813315339
 651    5.514312192340606  8.2527861424247959  34.674570503173697
 652    -6.8949134970926611  6.8949134970926611  34.727549811226091
 653    6.8949024043313596  6.8949288987150812  34.727548757088243
 654    -7.9649037592811576  5.3219773320207064  34.779596132353319
 655    7.9648954962915059  5.3219958086327921  34.77959461193722
 656    -8.6944037173354438  3.6013386199338346  34.830725959313931
 657    8.6943995371220062  3.6013564612663425  34.830725124730364
 658    -9.0675236947077185  1.8036398436565797  34.880957208272193
 659    9.0675228109711448  1.8036585508124432  34.880955860819626
 660    -9.08249209047219  -2.9594516933753887e-06  34.930303220005797
 661    9.0824948451890677  1.4580648365034736e-05  34.930302384369647
 662    -8.7512324705231315  -1.7407324842036827  34.978781850929309
 663    8.7512389634152861  -1.7407154001835998  34.978781135842588
 664    -8.0984311729657357  -3.3544843087268337  35.02640757620189
 665    8.0984402997543299  -3.3544699468114709  35.026406877250928
 666    -7.1601498318587442  -4.7842653176243415  35.073195141445012
 667    7.1601624388776717  -4.7842533719658169  35.073194171606346
 668    -5.9820625196102304  -5.9820697468110673  35.119159480452517
 669    5.9820760982934971  -5.9820614393509466  35.119158305908655
 670    -5.815957  -8.7042064999999997  34.509875000000001
 671    5.8159735000000001  -8.7041974999999994  34.509875000000001
 672    4.6173887571551804  -6.9103926384343586  35.164313921285256
 673    -4.6173741189874953  -6.9103985654810458  35.164314810829801
 674    -7.2720636781839749  -7.2720725156034396  34.565751491339888
 675    -3.9356065315452895  -9.5014177834778106  34.565752203636066
 676    7.2720779723824034  -7.272059824637422  34.565751046011044
 677    3.9356273191011013  -9.5014114050623082  34.565750154056857
 678    -8.4005835742806561  -5.6130982626960009  34.620643936695842
 679    -1.971046936176706  -9.9091686388523126  34.620644848675909
 680    9.5840790352991133e-06  -9.9255251940956217  34.674571335172665
 681    1.9710665334605986  -9.909167068323308  34.620643611595796
 682    8.4005951007989044  -5.6130810552535255  34.620644401918817
 683    -9.1699891631730175  -3.7983387387743193  34.674571466607809
 684    9.1699964936079379  -3.7983211320446872  34.674571581557636
 685    3.2051725997697291  -9.8710146089629927  -29.589371365526635
 686    -3.139738016362271  -5.8740470642290594  31.85214868811067
 687    19.7744682099325  -10.569637588949119  6.7688927837333761
 688    2.1690647802578846  -22.022679998177626  -11.771383336005735
 689    11.56843880411682  -9.4939354125958797  -23.45852743103049
 690    9.7177760515210974  -4.9850704367723804  30.744876193501447
 691    9.0679524135151119  11.049375467465723  26.613291886982953
 692    18.086804457932246  -1.7813661756620869  -22.038845936014443
 693    2.3141477669657893  4.3294878703662825  -31.484895452835488
 694    -2.1992710110169922  -11.747089179717779  21.820329618887097
 695    6.3265503330376944  5.0632311686557285  -31.196870040197076
 696    2.6936161547099253  5.9682937519497514  28.350448935950354
 697    -2.315803684496184  4.3325666480516567  31.520143591267967
 698    9.9188674159660035  -1.0809765705197592  -30.595755400754125
 699    1.5419494094318189  5.0831668432226369  32.038948996782793
 700    6.7315627795217248  -2.0419862458951514  32.260668411067854
 701    10.527636559994912  -4.3606727372595033  -34.228800319748615
 702    9.3079128100096753  -6.2193319422110376  -34.289622473341581
 703    7.7764509738248142  -7.7764310398261589  -34.349374335875581
 704    6.0024149753473255  -8.9832234591549014  -34.408074011895202
 705    1.0331228299420054  -10.489355496802936  27.668792593374345
 706    -3.9609975399984423  -3.2507098860853554  33.656950187773958
 707    -4.4417302120339075  5.4122640555963279  -32.152691877713089
 708    -9.8057700563056098  -1.8153366825697255  29.536095931352463
 709    6.5738239170160648  -5.3564853576634928  31.82880704229845
 710    -7.7934982038756848  0.79632364397403599  31.438424188723403
 711    8.0923631362937982  6.3810885820844323  29.373521965021176
 712    8.295914903101913  -2.3659837164736275  -32.386288252364153
 713    -1.4841895020014235  -4.8927287761637066  -33.543508303564877
 714    -7.3356725149542772  -8.9385494437250479  26.47371892373306
 715    -6.9828526954997852  -13.06402465498922  -27.579977407920143
 716    -5.6233605718454385  -3.005752554533458  -31.760408384900582
 717    -8.3574184416596786  6.5977696465828215  30.473718360055667
 718    5.6327829607795996  -4.6226930972354072  -32.518310769127332
 719    -4.0748878074411463  7.7626459504961058  -32.782532933000759
 720    3.2104578916183093  -3.911944579850009  33.015795933469668
 721    -7.9021654366527478  -6.3507871228246522  -30.465295970913306
 722    17.684272466581454  1.7417799912800414  21.548352787725051
 723    2.2063502609321524  -7.2733343722309503  -32.653579507853387
 724    3.6950115927402365  6.9129144510309333  32.810675601440956
 725    -5.0994468811816542  0.50225102141464473  33.656950185641442
 726    14.728472659362104  1.4506516269148708  27.555035990163365
 727    6.6483173248771736  1.9520353287761463  -32.484056406609227
 728    1.8254368823731486  -18.53377447427399  22.583468229249839
 729    -0.7675253302718632  7.7928134192691392  32.138927604416565
 730    -2.1756231249437654  22.089512021777704  2.1756241810431582
 731    -5.0729757392114738  0.49964266325711598  -33.38825290746766
 732    5.0518307913173146  0.49757106443160692  33.14595466290347
 733    -13.171347142172316  -7.0402393466364908  -27.806570047575555
 734    7.5100046063331565  14.050303594804234  -19.319073844307649
 735    -5.8423765292204299  3.122814830928871  -32.879581506686137
 736    6.9831803968229398  13.064677114523075  -27.581337694611925
 737    2.5724954131202327  -8.3745418101328504  30.848011981482884
 738    -3.9541858318123682  3.2451166238205786  33.567894284774972
 739    -3.7404525782642732  -6.9979075213346631  -32.481188639131311
 740    15.022012128616701  -1.479518226277921  -28.104197542354342
 741    10.197280877397844  8.3687241761295184  -27.991973940645817
 742    5.413104451872039  -17.844548713910786  -22.612656092482069
 743    -14.182688411820866  4.3022666340496833  -27.594374979673169
 744    -1.4910551918653248  15.138976125345764  -23.898830955335995
 745    -6.7902011972565361  -4.6885564851324784  31.198617765507166
 746    13.365136644917815  -7.1437920672492012  -28.215659472000098
 747    1.2360168725801581  12.549625265123723  -28.121108587687601
 748    -4.9654434297430683  -9.6176000436787046  30.210478723896607
 749    1.2530340883134592  11.022938410641997  30.659048957917118
 750    -12.597283056157488  3.8213396834904918  28.077505513951916
 751    -10.677062172516509  -0.84888212398753582  -30.680091459083133
 752    4.6470804440889601  3.8137759122643597  -33.04047185783088
 753    -21.188464551391423  -2.0868815686517328  -12.674934696655731
 754    9.6139598395077286  -11.714614618041066  -28.215652710234771
 755    -0.76534009174987006  -7.7707008328792169  -32.71174417779816
 756    7.7849189569240682  2.3787442834184072  31.410348311446054
 757    -9.8799711877884508  3.2036551697349407  -30.976737856615564
 758    -1.7846373328812364  5.8831602271837138  -32.95934317916695
 759    4.5222314142342102  3.7113134199438651  32.522241161529621
 760    -12.479821752002401  -6.6706133808000532  27.860976574367612
 761    -0.71298279872598203  -7.2391028579373282  32.718518632524585
 762    5.181644174188472  -7.6251816300096307  -31.690345632562259
 763    -6.6736676690232581  3.5671485479247744  32.847291894303801
 764    -3.6696804587245908  6.8654899093832684  32.634292852927587
 765    3.6681399495917382  6.8626407505159461  -32.6236801301391
 766    -8.7423328437495051  -16.355785454793455  22.489091430887584
 767    -8.0363162757720268  6.8985951884006296  -31.477991888777556
 768    14.134840000000001  9.4446384999999999  31.804479999999998
 769    11.841035828639095  11.841083936467442  31.940279880652174
 770    15.47107950012515  6.408364504365994  31.940277928749786
 771    9.1643958447035878  13.715544027159151  32.074049905383767
 772    16.17856205772496  3.2181440889814237  32.074049209925136
 773    6.2181907644207381  15.012129229762092  32.205820327377438
 774    16.248999164133885  2.6085446987921667e-05  32.20581810971025
 775    3.1226126812153403  15.69860978727845  32.335620429963477
 776    15.698610221466087  -3.1226224745205973  32.335620193338649
 777    -6.8919544945054605e-07  15.766951040535478  32.463478184751914
 778    14.566769698387638  -6.0337282762710585  32.463481167474932
 779    -3.0300099765523889  15.232884741472137  32.589427156497308
 780    12.913824925269367  -8.6287161020283207  32.589432892960403
 781    -2.7501514715884512  12.347902686253105  29.19477042132759
 782    -8.2323133029868689  -2.5486090821108061  32.329854374043123
 783    0.68528519808123578  6.957897729612176  -32.938249313618108
# Generated by tetgen -pq test.stl 
