2614  4  0
    1     515   552   641   741
    2     426   428   641   741
    3      68   133    99   728
    4     483   499   634   643
    5     440   442   517   603
    6     562     7   583   706
    7     356   355   509   636
    8     409   408   743   751
    9     361   318   291   688
   10      16     2   738   764
   11     490   346   514   635
   12     268   266   267   508
   13     487   728   694   766
   14     501   691   696   711
   15     499   550   708   714
   16     292   228   293   494
   17       7   555   574   575
   18     271   272   514   730
   19     504   488   743   757
   20     555   501   696   756
   21     164   191   190   487
   22     152   114   554   631
   23     298   299   508   638
   24     353   382   383   509
   25     550     7   555   697
   26     558     7   560   725
   27     303   273   514   635
   28     137    74   103   498
   29     320   489   494   689
   30     555   501   709   737
   31      75    43   553   659
   32     196   167   134   491
   33     734   370   401   744
   34      32    33   705   737
   35      79    81   551   691
   36     510   503   685   755
   37     707   607   735   767
   38     235   205   264   496
   39     654   656   717   763
   40       7   555   576   587
   41     483   496   505   508
   42     109   107    81   691
   43     264   297   235   505
   44     550   708   714   745
   45     607   471   609   735
   46     201   202   200   496
   47     486   488   492   493
   48      81   109   691   769
   49     641   428   695   741
   50     513   493   590   644
   51     375   346   490   635
   52     522   480   524   644
   53     316   385   315   509
   54      45    44   732   756
   55     565   738     7   567
   56     557   515   689   746
   57     475   598   600   723
   58     250   219   187   485
   59     498   501   502   512
   60     441   408   601   751
   61     188   223   222   487
   62     483   486   490   492
   63     541   444   716   731
   64     444   472   716   731
   65     228   226   491   494
   66     339   340   508   635
   67     729   647   749   781
   68     466   516   623   624
   69     291   292   494   688
   70       7   572   573   633
   71      87    57   631   637
   72     501   555   633   737
   73      38   682   684   690
   74     492   486   493   515
   75       7   555   570   633
   76     436   435   374   506
   77     599   517   601   751
   78     147   108   109   691
   79     372   342   744   371
   80     698   460   740   746
   81     488   517   751   757
   82     504   506   757   767
   83      61    88    62   750
   84     497    83   500   556
   85     557   701   702   712
   86      14   563   565   697
   87     152   114   179   554
   88     488   486   492   504
   89      12    14   647   729
   90     204   263   202   496
   91     602   455   723   762
   92       7   555   585   586
   93     438   437   504   767
   94     401   400   734   744
   95     101    70    72   498
   96     358   290   318   688
   97     490   488   511   743
   98     303   243   514   275
   99     516   625   627   695
  100     404   437   376   504
  101     488   490   504   743
  102     470   536   707   735
  103     362   364   363   489
  104     733   411   743   751
  105      21    19   725   782
  106     647   645   729   749
  107     557   639   712   718
  108     689   557   746   754
  109     556   554    86   500
  110     640   617   747   783
  111     615   719   628   613
  112     503   493   515   639
  113     493   477   519   521
  114      92    90    91   507
  115     529   477   546   590
  116      98   131   166   728
  117     557   702   703   718
  118     497   499   554   634
  119     123   158   634   643
  120     279   246   280   485
  121     158   124   159   643
  122     294   324   325   505
  123      58   637   717   750
  124     203   202   171   496
  125     550   501   633   737
  126     405   438   743   757
  127     494   489   505   692
  128     499   710   717   750
  129     237   265   496   508
  130     674    25   745   748
  131     245   277   304   514
  132      81   107   551   691
  133     253   287   314   484
  134     450   449   510   592
  135     409   408   407   743
  136     188   162   189   487
  137     451   475   713   723
  138     391   740   460   746
  139     155   153   156   554
  140     171   142   203   496
  141     474   448   594   755
  142     384   415   509   636
  143     382   351   383   511
  144     415   353   385   509
  145     250   280   247   485
  146     426   425   427   552
  147     497   556   696   749
  148     433   434   758   783
  149     338   339   337   508
  150     238   267   237   508
  151     627   621   695   752
  152     499   708   710   750
  153     351   354   383   511
  154     578     7   697   699
  155     379   309   311   511
  156     158   123    93   643
  157     486   489   503   515
  158     653    80   655   711
  159     202   203   204   496
  160     162   128   129   487
  161      94    24    65   760
  162     597   410   721   751
  163     492   635   734   744
  164     515   503   557   689
  165     184   250   247   485
  166     493   477   535   536
  167     230   198   197   687
  168     641   515   695   727
  169     699    11   724   729
  170     387   456   419   754
  171     696   632   697   729
  172     473   444   597   716
  173     224   254   287   487
  174     233   198   199   687
  175     437   438   607   767
  176     533   477   534   731
  177     561    12   578   699
  178     243   244   215   514
  179     455   476   590   718
  180     395   394   552   638
  181      77   551   722   726
  182     404   438   437   504
  183     477   533   548   731
  184     501   502   709   737
  185     698   629   701   712
  186     346   344   345   635
  187      23    22   564   706
  188     202   201   171   496
  189     504   492   506   744
  190     100   134   133   498
  191     394   427   552   741
  192     568   642   706   725
  193     309   379   350   511
  194     446   413   715   721
  195     172   173   174   496
  196     338   266   268   508
  197     757   438   605   405
  198     382   383   509   511
  199     111   113   500   556
  200      33    71   502   737
  201     495   496   551   722
  202      64   678   745   782
  203     421   557   701   702
  204     367   394   427   552
  205     295   261   231   494
  206     477   513   543   544
  207     693   516   695   765
  208     365   321   323   494
  209      83   147   110   500
  210     283   282   484   753
  211     510   488   721   733
  212     488   486   490   511
  213     539   445   713   716
  214     257   292   256   688
  215     523   521   693   758
  216     164   163   166   491
  217     292   291   318   688
  218     483   484   489   688
  219     439   534   535   735
  220     416   450   685   755
  221     590   685   723   762
  222     493   504   506   517
  223     123    90   507   643
  224     460   423   698   740
  225     269   339   338   508
  226     367   427   425   552
  227     557   590   639   718
  228     531   532   590   644
  229     609   607   707   767
  230     487   483   643   694
  231     282   249   484   753
  232     496   483   497   730
  233     464   693   752   765
  234       7   573   583   633
  235     632   648   650   764
  236     186   184   185   634
  237     513   477   541   547
  238     553    40   684   690
  239     195   167   196   687
  240     697    14   699   729
  241     652   654   717   763
  242     498   495   501   512
  243     620   462   641   698
  244     295   324   294   494
  245     663   553   684   700
  246     362   320   489   494
  247     633   709   720   737
  248      76    77   722   726
  249     436   630   719   767
  250     258   293   259   494
  251      15   632   650   717
  252     337   336   508   734
  253     242   214   514   730
  254      11    10   578   699
  255     182   218   181   485
  256     495   496   497   551
  257      45   657   756   759
  258     321   320   494   689
  259      40    38   684   690
  260      24    64   678   745
  261     489   636   685   742
  262     413   591   593   721
  263     319   291   494   688
  264     267   239   268   508
  265     103   169   138   495
  266     151   149   150   500
  267     347   277   305   490
  268     307   378   305   490
  269     393   328   638   692
  270     517   442   601   603
  271     193   257   225   491
  272     488   493   503   513
  273     477   493   534   731
  274      25    26   714   748
  275     516   492   640   693
  276     474   451   713   755
  277     506   403   744   747
  278     539   445   549   713
  279      97    29   705   748
  280     478   610   612   712
  281     153   154   156   554
  282      69   133    68   728
  283     556    55   631   637
  284     342   402   744   371
  285     495   136   498   687
  286     357   356   688   742
  287     496   264   505   508
  288       8   633   737   761
  289     412   593   595   721
  290     257   255   491   688
  291     205   203   172   496
  292     390   325   392   692
  293     259   195   229   687
  294     176   175   174   496
  295     208   146   177   500
  296     265   205   236   496
  297     364   321   389   689
  298     424   422   692   740
  299     639   644   693   727
  300     478   459   610   712
  301     236   175   176   496
  302     267   238   240   508
  303     301   302   335   508
  304     385   313   315   509
  305     501   512   722   726
  306     200   201   496   687
  307     128   487   643   766
  308     336   369   508   734
  309     407   408   441   743
  310      16   738   763   764
  311     380   412   410   733
  312      34   633   720   737
  313     493   477   534   535
  314     269   339   508   730
  315     451   474   596   755
  316     306   277   485   753
  317     111   150   112   500
  318     553   501   711   726
  319     438   504   743   767
  320     537   707   493   758
  321     374   435   372   506
  322      69    70   133   498
  323     606   702   712   718
  324     473   540   541   716
  325     553   690   700   709
  326     477   513   590   644
  327     134   135   491   498
  328     327   328   326   505
  329     328   327   329   505
  330     488   733   743   751
  331      74   104   512   776
  332     159   487   634   643
  333     176   238   236   496
  334     619   622   615   783
  335     507   499   631   750
  336      66    96   714   748
  337     218   279   278   485
  338     173   203   143   496
  339     470   471   535   735
  340     445   473   595   716
  341     534   439   731   735
  342     483   514   554   730
  343     580   555   581   699
  344      79   106    77   551
  345     555   633   709   720
  346     273   271   514   635
  347     170   495   169   722
  348     279   277   278   485
  349     394   367   395   552
  350     147   146   145   500
  351     272   273   271   514
  352     509   356   636   742
  353     217   215   244   514
  354     327   295   296   505
  355     457   459   644   718
  356     483   489   494   688
  357     658     3   660   710
  358      15   632   648   650
  359     380   443   411   733
  360     470   535   536   735
  361     552   426   641   741
  362     216   153   217   554
  363     179   216   214   554
  364     118   154   117   631
  365     642   550   708   710
  366     390   389   365   689
  367     610   608   629   712
  368     510   488   716   721
  369     421   458   557   746
  370     543   474   544   713
  371     441   405   743   757
  372     376   344   375   504
  373     277   485   490   514
  374     488   716   721   751
  375     413   382   715   733
  376     443   408   411   751
  377     241   242   275   514
  378     378   377   490   743
  379     226   491   494   688
  380     131   132   491   728
  381     142   143   496   722
  382     493   486   503   515
  383     365   689   494   692
  384      37    73   676   690
  385     678   668   674   745
  386     580   579   732   759
  387     354   351   352   511
  388     503   590   723   755
  389       6   571   633   761
  390     483   495   501   694
  391     372   374   506   744
  392     103   139   495   722
  393     294   323   260   494
  394     757   607   438   767
  395     685   689   557   503
  396     217   514   485   215
  397     443   380   410   733
  398     288   287   254   487
  399     613   615   719   758
  400     352   351   311   511
  401      77   691   726   768
  402      48   711   724   749
  403     373   341   343   635
  404     568   706     7   566
  405     693   695   752   765
  406     587    42   588   732
  407       7   555   587   588
  408     642   708   745   782
  409     738   697   763   764
  410     691    47   769   771
  411     249   251   484   485
  412     478   520   538   644
  413     218   215   485   514
  414     501   550   705   737
  415     495   497   501   551
  416       7   555   588   589
  417     629   460   698   701
  418     101   134   100   498
  419     402   401   370   744
  420     632   499   696   697
  421     725    18   738   763
  422     508   483   635   734
  423     218   278   245   514
  424     121   119   631   634
  425     315   313   484   509
  426     339   271   635   730
  427     226   257   491   688
  428     288   317   287   688
  429     672    34   720   737
  430     104   105   722   726
  431     694   502   728   498
  432      51    48   724   749
  433      91    20    63   507
  434     184   219   485   634
  435     345   273   303   635
  436     231   232   494   687
  437     541   513   547   731
  438     555     7   574   589
  439     425   393   552   692
  440     399   734   396   398
  441     114   154   153   554
  442     459   639   644   718
  443     370   340   341   635
  444     486   490   492   504
  445      25    24   674   745
  446     361   358   688   742
  447      65    25   714   760
  448     477   513   544   545
  449     364   362   320   489
  450     194   134   167   491
  451     333   334   508   638
  452     448   713   739   755
  453     553    40   663   684
  454     400   736   744   747
  455     126   125   643   766
  456     440   533   534   731
  457     365   390   689   692
  458     220   159   487   634
  459     515   516   734   741
  460      58    57   637   750
  461     497   496   500   551
  462       9   700   709   720
  463     165   164   131   491
  464     125   159   124   643
  465     457   476   606   718
  466     194   193   225   491
  467     516   465   736   741
  468     416   384   386   636
  469      28     5   686   706
  470     277   278   485   514
  471     457   459   532   644
  472     228   193   227   491
  473     674    24   678   745
  474     648     1   650   764
  475     536   535   731   735
  476     629   608   701   712
  477     136   101   137   498
  478     490   492   504   635
  479     496   143   551   722
  480     626   629   698   712
  481       7   550   642   697
  482     641   620   698   727
  483     502    69   705   728
  484     164   190   192   487
  485     451   475   544   713
  486     483   494   505   687
  487      73    72   502   780
  488     426   462   552   641
  489     155   485   554   634
  490     507   121   631   634
  491     155   181   485   634
  492     705   550   714   748
  493     257   255   191   491
  494     159   222   220   487
  495     420   387   746   754
  496     103   495   512   722
  497     510   446   715   721
  498     342   370   635   744
  499      92    93   123   760
  500     284   282   286   484
  501     447   448   713   739
  502     347   276   304   514
  503     623   516   747   783
  504     596   416   685   755
  505     369   333   508   638
  506     554   556    86   631
  507     709   672   720   737
  508     190   255   254   487
  509     145   176   496   500
  510     314   315   484   688
  511     480   524   644   752
  512     185   182   183   634
  513      39    41   700   732
  514     329   297   330   505
  515     378   307   348   490
  516     489   484   509   688
  517     499   550   697   710
  518     515   693   695   727
  519     407   441   405   743
  520      17    16   569   738
  521     483   485   487   634
  522      88    20    91   507
  523      15    56   637   717
  524     404   438   504   743
  525     550   555   696   697
  526     493   513   716   731
  527     322   260   323   494
  528     633   686   705   761
  529      59   656   710   717
  530      46   732   759    45
  531     163    98   166   728
  532     327   262   329   505
  533     403   371   506   744
  534     196   230   195   687
  535     349   411   409   511
  536     472   444   541   731
  537     380   411   511   733
  538     679   705   748   761
  539     340   337   508   734
  540     260   259   229   494
  541      58    60    57   750
  542      12    11   578   699
  543     524   526   693   752
  544     492   493   506   640
  545     471   439   535   735
  546     477   520   522   644
  547     315   316   509   688
  548     489   486   503   636
  549     641   552   698   740
  550     365   494   505   692
  551      20    63   507   708
  552      90    89   507   634
  553      10    11   649   724
  554     593   716   721   739
  555     332   367   331   638
  556     264   299   505   508
  557     346   377   375   490
  558     356   359   417   742
  559     423   462   620   698
  560     697   561    14   563
  561      92    24    94   760
  562     600   598   685   723
  563     328   326   505   692
  564     321   364   320   689
  565     513   543   544   713
  566     444   472   599   716
  567     661   553   700   756
  568     513   542   543   713
  569     149   500   554   730
  570     255   487   491   688
  571     422   391   692   740
  572     628   436   630   719
  573     125   128   487   643
  574     463   621   627   752
  575     196   167   491   687
  576     642   686   706   745
  577     437   607   609   767
  578     600   602   723   762
  579     239   268   508   730
  580     206   240   238   496
  581     241   275   274   514
  582     391   390   392   692
  583     442   440   517   731
  584     109   691   769   771
  585     660    20   708   782
  586     119   156   631   634
  587     595   593   716   721
  588     395   367   332   638
  589     555   580   732   759
  590     425   426   462   552
  591     107   145   174   551
  592     493   644   477   693
  593     102    74   498   512
  594      58    56   652   717
  595     223   189   224   487
  596     466   465   516   624
  597      76    77   726   770
  598     110    83   691   773
  599     192   164   487   491
  600     561   578   697   699
  601     299   297   505   638
  602     296   263   262   505
  603     260   231   261   494
  604      79    81   107   551
  605     388   364   389   689
  606     512    40   553   690
  607     367   328   331   638
  608     342   402   370   744
  609     446   510   591   721
  610     491   483   494   688
  611     412   380   381   733
  612      20    63   708   782
  613     409   349   511   743
  614     379   311   351   511
  615     432   403   640   747
  616     532   478   538   644
  617     309   311   511   753
  618     682   684   690   709
  619      57    56    58   637
  620     639   459   644   712
  621     476   457   531   718
  622     254   288   487   688
  623     506   492   640   747
  624     295   324   494   505
  625     617   403   622   640
  626     493   536   731   735
  627     436   374   504   506
  628     512   501   553   726
  629     223   221   222   487
  630     228   259   293   494
  631     145   108   500   551
  632     700   555   720   732
  633     492   493   640   693
  634      51   691   749   773
  635     455   529   546   590
  636     490   377   504   743
  637     666    23   668   706
  638     399   466   396   736
  639     462   423   641   698
  640     633   572   686   761
  641      86   152   151   631
  642     232   234   505   687
  643     453   600   602   723
  644     504   493   488   517
  645     414   382   353   509
  646     429   430   396   736
  647     692   689   740   746
  648     218   217   181   485
  649     477   513   539   549
  650     696   632   749   781
  651     561   697    14   699
  652     180   179   114   554
  653     205   175   496   172
  654     316   290   357   688
  655     434   469   519   758
  656     517   493   731   735
  657     218   215   217   485
  658     681     8   737   761
  659     696   697   699   729
  660     728   487   694   491
  661     337   339   340   508
  662     318   290   289   688
  663       7   550   633   642
  664      69    68   705   728
  665     338   337   336   508
  666     713   451   723   755
  667     570     6   571   633
  668     325   365   505   692
  669     297   264   299   505
  670     555   586   633   720
  671     295   231   232   494
  672     512    74   776   778
  673     615   640   758   783
  674      61   656   658   710
  675     190   254   224   487
  676     489   486   505   515
  677     363   362   489   742
  678     721   410   733   751
  679     632   499   697   763
  680     486   483   505   734
  681     499   497   554   631
  682      91    89    88   507
  683     517   493   716   731
  684     516   515   695   741
  685     154   118   156   631
  686     700   555   709   720
  687     420   456   387   754
  688     519   493   521   758
  689     280   246   247   485
  690     288   287   487   688
  691     698   612   712   727
  692     517   599   716   751
  693     508   339   635   730
  694     355   356   509   688
  695     325   327   326   505
  696     445   447   549   713
  697     489   362   494   688
  698      56    57    87   637
  699      71    73    72   502
  700     148    84   111   500
  701     413   414   446   715
  702     484   486   489   509
  703     111   177   148   500
  704     491   132   498   728
  705     713   513   716   739
  706      70   100   133   498
  707     153   216   180   554
  708     125   160   159   643
  709     442   472   548   731
  710     475   453   590   723
  711     455   718   723   762
  712     160   188   222   487
  713     411   409   743   751
  714     301   267   266   508
  715       7   555   697   699
  716     405   603   605   757
  717     632   647   648   729
  718     111   113   150   500
  719     395   333   368   638
  720     418   685   742   754
  721     118   119   156   631
  722       7   555   584   585
  723     249   252   282   484
  724     496   145   500   551
  725     278   218   485   514
  726     113    86   500   556
  727      31    32   705   737
  728     513   477   548   731
  729     601   441   751   757
  730     644   639   712   727
  731     483   490   514   635
  732     425   424   692   740
  733      57    60   117   631
  734     534   493   535   731
  735     573   633   686   706
  736     483   496   508   730
  737     428   621   641   695
  738     341   339   271   635
  739     686   668   706   745
  740     356   384   355   636
  741     326   328   366   692
  742     101   136   135   498
  743     526   528   693   752
  744     394   395   368   638
  745     696   699   724   729
  746     472   547   548   731
  747     234   263   296   505
  748      54    15   632   648
  749     574   700   720   732
  750      98   163   130   728
  751     107   144    79   551
  752     499   632   637   717
  753     330   329   505   638
  754     333   395   332   638
  755      18    17   738   763
  756     487   483   634   643
  757     665   663   684   700
  758     348   378   490   743
  759     331   298   638   330
  760      70    72   498   502
  761     686   675   748   761
  762     374   504   506   744
  763     505   483   508   734
  764     326   366   325   692
  765      56    15   650   717
  766     273   272   274   514
  767     529   476   530   590
  768     355   384   509   636
  769     488   493   513   716
  770     177   146   148   500
  771     123   122    90   634
  772     563     7   565   697
  773     535   493   536   731
  774     497   483   554   730
  775     565     1   697   738
  776     138   103   495   498
  777     497   499   501   696
  778     505   515   552   692
  779     322   293   258   494
  780     260   261   294   494
  781     251   252   484   485
  782     617   623   747   783
  783     195   230   229   687
  784      80    78   655   711
  785     502   501   694   705
  786     371   372   506   744
  787     387   421   420   746
  788     545   475   546   590
  789     384   356   386   636
  790     159   160   487   643
  791     656   658   710   763
  792     568   577   642   725
  793     387   689   746   754
  794     329   328   505   638
  795     384   415   636   715
  796     478   479   520   644
  797     734   400   736   744
  798     357   290   358   688
  799      72   102   498   502
  800     102    74   137   498
  801     517   440   603   735
  802     685   489   742   754
  803     257   289   255   688
  804     437   436   506   767
  805      49    46   579   759
  806     489   361   688   742
  807     138   495   136   498
  808     550   499   694   714
  809     424   393   425   692
  810     341   342   370   635
  811     415   414   509   715
  812     513   477   540   541
  813     506   435   640   719
  814     381   380   351   511
  815     119   118   121   631
  816     625   627   695   765
  817     486   483   489   505
  818     477   531   532   590
  819     243   275   242   514
  820     507   121    62   750
  821     289   317   288   688
  822     493   477   536   537
  823      97    67    98   728
  824     388   421   387   746
  825     716   510   721   739
  826     200   496   505   687
  827     477   522   524   644
  828      89   120   119   634
  829     448   474   713   755
  830     317   289   290   688
  831     488   504   517   757
  832       7   570   571   633
  833     499   556   631   637
  834     515   492   516   693
  835     483   499   643   694
  836     242   214   244   514
  837     503   557   590   639
  838     294   365   494   505
  839     639   459   712   718
  840     513   510   739   755
  841     334   298   300   508
  842     362   322   320   494
  843     277   279   306   485
  844     454   456   685   754
  845     373   342   635   744
  846     249   250   251   485
  847     450   384   416   636
  848     466   516   736   747
  849      63   660   662   782
  850     624   482   625   765
  851     284   313   354   484
  852     503   590   685   723
  853     544   475   545   713
  854     226   257   193   491
  855     483   497   554   634
  856     314   313   285   484
  857     649    48   651   724
  858     295   327   324   505
  859      42    44   661   732
  860     531   457   644   718
  861     149   500   178   554
  862     422   392   366   692
  863     237   265   238   496
  864     262   327   296   505
  865     260   322   258   494
  866     453   475   600   723
  867     475   590   713   723
  868     485   483   490   514
  869     279   218   246   485
  870     552   515   698   740
  871     439   440   534   731
  872     420   557   703   762
  873     163   162   129   487
  874     331   298   332   638
  875     162   188   161   487
  876     156   155   554   634
  877     689   365   494   321
  878     653    49   724   759
  879     224   189   190   487
  880     484   483   491   688
  881     542   513   549   713
  882     273   341   271   635
  883     465   516   625   627
  884     510   488   513   716
  885     347   346   276   514
  886     245   215   218   514
  887     282   284   283   484
  888     392   325   366   692
  889     375   490   504   635
  890     252   220   222   487
  891     320   322   321   494
  892     401   402   400   744
  893     633   705   737   761
  894     266   302   301   508
  895     691    47   711   769
  896     373   343   345   635
  897     468   611   707   719
  898     216   179   180   554
  899     507   643   714   760
  900     132   134   491   498
  901     393   366   328   692
  902     483   487   491   694
  903      41    42   663   700
  904     555   587   588   732
  905     516   515   693   695
  906     554   497   556   631
  907     223   287   253   487
  908      56    58   637   717
  909     146   208   206   500
  910      12   645   646   729
  911     573     5   686   761
  912     349   348   490   743
  913     488   486   511   733
  914       7   555   575   584
  915     329   262   297   505
  916     283   284   354   484
  917     486   488   490   504
  918     408   441   743   751
  919      78   711   726   756
  920     550   642   697   710
  921     562     4   564   706
  922     263   204   235   496
  923       5   573   686   706
  924     504   374   635   744
  925     358   318   361   688
  926     598   596   685   755
  927      44   661   732   756
  928      89   121   507   634
  929      90   122    89   634
  930     335   333   334   508
  931     515   641   698   727
  932     685   557   754   762
  933      90   123   634   643
  934     303   243   276   514
  935     465   429   516   695
  936     455   453   602   723
  937      10    50   581   699
  938      42   661   663   700
  939     147   110   500   691
  940     567   738     7   569
  941     611   609   707   719
  942     232   494   505   295
  943     119   121    89   634
  944     515   557   639   698
  945     222   159   160   487
  946     346   276   514   635
  947     313   284   285   484
  948     259   260   258   494
  949     284   253   285   484
  950     265   264   205   496
  951     108   147   500   551
  952     219   187   485   634
  953      94    65   643   760
  954     493   519   537   758
  955     557   698   701   712
  956     228   292   226   494
  957     448   542   549   713
  958     257   191   225   491
  959     302   336   335   508
  960     492   504   635   744
  961     352   484   511   753
  962     193   167   227   491
  963      84   111   500   556
  964     373   345   344   635
  965      83    84   500   556
  966     102   498   502   512
  967     421   420   557   702
  968     552   515   734   741
  969      45    44   576   732
  970     434   615   758   783
  971     158    93   124   643
  972     128   129   487   766
  973     327   325   324   505
  974     581   555   582   699
  975     349   350   411   511
  976     177   209   208   500
  977     516   625   695   765
  978     477   493   519   537
  979     287   223   224   487
  980     158   159   157   643
  981     201   495   496   687
  982      10   581   582   699
  983       7   571   572   633
  984     479   461   522   644
  985     354   352   484   511
  986     618   480   727   752
  987     333   368   638   734
  988     263   202   496   505
  989     145   108   147   500
  990     564    22   566   706
  991     428   429   621   695
  992     121   507   631   750
  993     462   616   620   641
  994     483   491   495   694
  995     460   423   626   698
  996     185   119   120   634
  997     499   507   634   643
  998     715   511   486   733
  999      59    58   717   750
 1000     593   445   716   739
 1001     513   544   545   713
 1002     555   576   587   732
 1003     151   149   500   178
 1004     513   510   716   739
 1005     334   300   301   508
 1006     558     7   725   738
 1007     185   122   186   634
 1008     615   640   719   758
 1009     590   531   644   718
 1010     263   297   262   505
 1011     493   517   707   735
 1012     555   732   756   759
 1013     583     7   633   706
 1014     296   232   234   505
 1015     428   429   695   741
 1016     294   261   295   494
 1017       8     6   633   761
 1018      52    82   749   777
 1019     122   158   157   634
 1020     440   439   605   735
 1021       8     6   570   633
 1022     639   590   644   718
 1023     131   194   165   491
 1024     495   491   498   694
 1025     497   501   551   691
 1026     516   492   734   747
 1027     252   220   487   634
 1028     163   192   487   491
 1029     705   686   748   761
 1030     319   292   293   494
 1031     515   552   692   740
 1032      93   125   124   643
 1033       9    39   667   700
 1034     263   200   202   505
 1035     177   111   112   500
 1036     501   553   711   756
 1037     265   299   264   508
 1038     539   513   540   716
 1039     168   138   198   687
 1040      86    53    85   556
 1041     100    70   101   498
 1042     441   601   603   757
 1043     545   475   590   713
 1044      57    60   637   750
 1045     508   483   514   635
 1046     710   642   725   782
 1047     232   231   233   687
 1048     513   545   590   713
 1049     557   458   698   746
 1050     495   483   496   687
 1051      67    97   705   728
 1052     572   573   686   761
 1053     483   486   492   734
 1054     169   138   495   687
 1055      65    93    94   643
 1056     491   495   498   687
 1057     510   450   592   594
 1058     460   626   629   698
 1059     475   453   546   590
 1060      60    61   750    59
 1061     689   390   391   746
 1062     564   706     7   562
 1063     669   667   676   709
 1064     358   357   688   742
 1065     196   134   135   491
 1066      61    59   710   750
 1067      48   691   711   749
 1068     377   375   490   504
 1069     459   478   532   644
 1070     483   492   635   734
 1071     524   477   644   693
 1072     338   268   269   508
 1073     746   420   557   421
 1074      56   650   652   717
 1075     707   537   493   536
 1076       4    23   564   706
 1077      21   568   706   725
 1078     530   531   590   718
 1079     181   182   485   634
 1080     489   689   742   754
 1081     555   696   697   699
 1082     174   144   107   551
 1083     483   497   499   694
 1084      47    48   691   711
 1085     252   221   286   484
 1086     253   286   223   487
 1087     513   541   716   731
 1088     708    64   745   782
 1089     635   340   734   744
 1090     383   313   509   354
 1091     493   503   590   639
 1092     380   350   379   511
 1093     689   515   692   740
 1094     671   672   709   737
 1095     597   444   599   716
 1096      88   507    62   750
 1097     669    36   709   720
 1098     485   187   252   634
 1099     449   446   510   591
 1100     300   298   299   508
 1101     619   467   623   783
 1102     512   104   722   726
 1103     632   697   729   764
 1104     274   241   514   730
 1105       3    19   710   725
 1106      60    61    62   750
 1107     555   574   720   732
 1108     135   196   491   687
 1109     501   550   694   705
 1110     511   490   743   753
 1111     122   123   158   634
 1112     114   117   154   631
 1113     550   642   708   745
 1114       6     8   680   761
 1115     118   117    60   631
 1116     640   707   719   758
 1117     198   233   197   687
 1118     429   516   695   741
 1119     633     7   642   706
 1120     644   493   639   693
 1121     390   388   389   689
 1122     200   199   201   687
 1123     710   725   738   763
 1124     462   425   552   740
 1125     696   555   756   759
 1126     507   123   643   760
 1127     387   419   689   754
 1128     607   609   707   735
 1129     650   652   717   764
 1130      99    98    68   728
 1131     679    30   680   761
 1132     114   115   116   631
 1133     419   364   387   689
 1134     572   573   633   686
 1135     515   505   638   734
 1136     501   512   553   709
 1137     110    83   500   691
 1138     514   217   485   554
 1139     513   477   547   548
 1140      96    97   694   748
 1141     496   200   505   202
 1142     301   300   265   508
 1143     106    79   144   551
 1144     344   376   374   504
 1145     707   506   719   767
 1146     662   664   683   782
 1147     642   550   686   745
 1148     439   440   731   735
 1149     661   553   663   700
 1150     164   191   487   491
 1151     117   114   116   631
 1152     432   403   617   640
 1153     472   517   716   731
 1154     273   345   343   635
 1155     372   373   635   744
 1156     403   435   622   640
 1157     602   600   704   762
 1158     388   387   689   746
 1159     594   448   739   755
 1160     234   200   263   505
 1161     393   424   366   692
 1162     296   295   232   505
 1163     647   632   648   781
 1164     373   374   372   635
 1165      55    56    87   637
 1166     153   181   217   554
 1167     749    52   777   781
 1168     238   237   496   508
 1169     601   517   603   757
 1170     128   160   125   487
 1171     385   355   384   509
 1172     101   102   137   498
 1173     305   307   490   753
 1174     517   472   599   601
 1175     644   493   477   513
 1176     609   611   630   719
 1177     391   458   388   746
 1178       7   578   582   699
 1179     707   735   757   767
 1180     477   513   546   590
 1181     613   630   611   719
 1182     511   715   486   509
 1183     225   164   165   491
 1184     162   163   192   487
 1185     430   734   736   741
 1186     322   319   293   494
 1187     550   501   555   633
 1188      84   148    83   500
 1189     240   238   496   508
 1190     271   514   635   730
 1191     158   157   634   643
 1192     497   483   501   694
 1193     489   494   689   692
 1194     121    88   507    62
 1195     556   632   696   781
 1196     645   646   729   749
 1197      23     4   668   706
 1198     362   319   322   494
 1199     435   403   371   506
 1200     458   557   698   701
 1201     230   196   168   687
 1202     292   319   291   494
 1203     697   710   738   763
 1204     540   513   541   716
 1205     122   157   186   634
 1206     346   490   514   347
 1207     461   480   522   644
 1208     311   352   511   753
 1209     476   530   590   718
 1210     481   464   528   752
 1211      53    86   113   556
 1212     278   277   245   514
 1213     217   244   216   514
 1214     289   257   256   688
 1215     203   205   204   496
 1216     557   639   698   712
 1217     459   608   712   718
 1218      63    91   507   760
 1219     699    14   561    12
 1220     503   489   685   689
 1221     499   550   696   697
 1222     640   628   615   719
 1223     555     7   570   586
 1224     514   214   554   730
 1225      17    16   738   763
 1226     435   403   506   640
 1227      43   553   659   756
 1228     435   436   628   719
 1229     633   642   686   706
 1230      39    41   665   700
 1231     555   574   575   720
 1232     267   239   508   730
 1233     477   532   538   644
 1234     131    98    99   728
 1235     502    73   690   709
 1236     381   413   412   733
 1237     624   467   765   783
 1238     125    93   126   643
 1239     512   502   690   709
 1240     501   553   555   709
 1241     494   232   505   687
 1242     495   138   136   687
 1243      10   649   651   724
 1244     665   667   700   709
 1245     216   244   214   514
 1246      93    65   126   643
 1247     533   440   548   731
 1248     233   231   197   687
 1249     532   477   590   644
 1250     177   112   209   500
 1251     103   495   498   512
 1252     493   515   639   693
 1253     554   499   631   634
 1254     138   136   137   498
 1255     330   328   329   638
 1256     326   325   505   692
 1257     552   393   638   692
 1258     351   380   379   511
 1259     557   420   754   762
 1260     297   263   235   505
 1261     694    97   705   748
 1262     143   173   496   551
 1263      69    70   498   502
 1264     694   705   714   748
 1265     450   510   685   755
 1266     151   152   554   631
 1267     552   515   641   698
 1268      53   111    84   556
 1269     708   507   714   760
 1270     486   510   636   715
 1271     410   412   595   721
 1272     499   643   694   714
 1273     235   263   496   505
 1274     707   757   506   767
 1275     356   358   359   742
 1276     570   555   586   633
 1277     502   102   512   780
 1278     477   513   545   546
 1279     513   545   546   590
 1280     488   721   733   751
 1281     489   483   494   505
 1282     493   503   513   590
 1283     605   439   607   735
 1284     590   513   713   755
 1285     145   146   206   500
 1286     645    12   647   729
 1287     483   484   485   490
 1288      11    12   646   729
 1289     145   206   176   500
 1290     590   455   718   723
 1291     206   240   496   500
 1292     128   162   161   487
 1293     506   436   719   767
 1294     364   388   387   689
 1295     621   429   627   695
 1296     484   486   509   511
 1297     502   501   705   737
 1298     367   425   393   552
 1299     525   523   693   783
 1300     603   517   735   757
 1301     391   392   422   692
 1302     493   504   488   492
 1303     250   248   280   485
 1304     644   524   693   752
 1305     418   454   685   754
 1306       1    14   565   697
 1307     374   372   635   744
 1308     229   231   260   494
 1309     434   521   523   758
 1310     483   495   497   501
 1311     253   287   484   487
 1312     275   303   273   514
 1313     693   464   527   482
 1314     509   383   354   511
 1315     282   252   286   484
 1316     290   316   317   688
 1317     139   169   495   722
 1318     461   480   644   727
 1319       2     1   738   764
 1320     420   746   557   754
 1321     304   277   490   514
 1322     154   156   554   631
 1323     133   134   132   498
 1324     299   265   300   508
 1325     499   507   631   634
 1326     506   517   707   493
 1327     507    90   634   643
 1328     227   228   491   494
 1329     505   552   638   692
 1330     334   333   298   638
 1331     453   455   590   723
 1332     577   560   642   725
 1333     531   457   532   644
 1334     515   505   552   638
 1335     423   462   641   740
 1336      89    91    90   507
 1337     501   495   551   722
 1338     354   484   509   511
 1339     493   477   523   693
 1340     630   613   628   719
 1341     558    17   559   738
 1342     164   225   191   491
 1343     501   551   691   711
 1344     410   595   597   721
 1345     622   435   628   640
 1346     410   443   733   751
 1347      86   151   554   631
 1348     661   700   732   756
 1349     513   477   539   540
 1350     299   505   508   638
 1351     479   478   612   644
 1352     160   125   487   643
 1353      55   115   556   631
 1354     376   437   374   504
 1355     361   362   489   688
 1356      63   662   683   782
 1357     657   655   756   759
 1358     283   354   352   484
 1359     372   435   371   506
 1360     351   382   381   511
 1361     734   396   398   397
 1362     348   409   743   349
 1363     493   640   693   758
 1364     292   226   494   688
 1365     240   496   500   730
 1366     516   431   623   747
 1367     144   173   106   551
 1368     123    93   643   760
 1369      25    24   745   760
 1370     298   297   299   638
 1371     252   187   220   634
 1372     443   411   733   751
 1373     693   516   765   783
 1374     377   346   347   490
 1375     402   400   744   747
 1376     105    76   722   726
 1377     592   510   594   739
 1378      20   660   708   710
 1379     147    83   148   500
 1380     103   138   137   498
 1381     125   128   643   766
 1382      18   558   560   725
 1383     238   176   206   496
 1384     373   342   341   635
 1385      83   691   773   775
 1386     155   183   182   634
 1387     382   511   715   733
 1388      99   132   131   728
 1389     370   340   635   744
 1390     499   507   708   750
 1391     376   377   404   504
 1392     484   249   485   753
 1393     213   179   214   554
 1394      55    86    85   556
 1395     612   626   698   712
 1396     370   337   734   401
 1397     479   461   644   727
 1398     156   554   631   634
 1399     516   734   736   747
 1400     675   670   686   748
 1401     248   250   249   485
 1402     612   629   626   712
 1403     690   684   700   709
 1404     436   374   437   504
 1405     714   686   745   748
 1406     246   184   247   485
 1407     734   516   736   741
 1408     286   221   223   487
 1409     628   640   615   622
 1410     152   179   151   554
 1411     187   251   250   485
 1412     643   487   694   766
 1413     477   513   542   543
 1414     513   539   713   716
 1415     483   495   496   497
 1416     633   555   709   737
 1417      86   151   500   554
 1418     214   213   554   730
 1419     599   597   716   751
 1420     365   323   294   494
 1421     503   486   510   636
 1422     320   364   489   689
 1423     169   103   139   495
 1424     369   333   335   508
 1425     458   421   557   701
 1426     499   497   501   694
 1427     234   200   505   687
 1428     145   107   108   551
 1429     252   249   251   484
 1430     484   315   509   688
 1431     507    20   708   750
 1432       4   562   583   706
 1433     427   426   552   741
 1434     555     7   581   582
 1435     555     7   579   580
 1436     611   468   613   719
 1437     489   685   689   754
 1438     433   467   619   783
 1439     276   346   345   635
 1440     373   344   374   635
 1441     489   503   515   689
 1442     478   612   644   712
 1443     632    15   637   717
 1444     501   498   502   694
 1445     166   131   164   491
 1446     287   314   484   688
 1447      59    58   654   717
 1448     493   477   513   731
 1449     574    39   700   732
 1450     483   508   514   730
 1451      40    75   553   661
 1452     486   488   493   503
 1453     267   301   237   508
 1454      50   581   699   759
 1455     670   674   745   748
 1456     227   228   494   687
 1457     484   483   487   491
 1458     454   419   456   754
 1459     513   477   542   549
 1460     115    87   116   631
 1461     696   711   724   759
 1462      71    69    33   502
 1463     607   757   438   605
 1464     181   155   485   554
 1465     294   325   365   505
 1466     148   146   147   500
 1467     365   389   321   689
 1468     179   213   178   554
 1469     313   385   353   509
 1470     113    86   150   500
 1471     477   529   530   590
 1472     492   493   504   506
 1473     578    10   582   699
 1474      68    98    67   728
 1475     630   609   719   767
 1476       5    28   583   706
 1477     560     7   577   642
 1478     119   155   156   634
 1479     617   432   640   747
 1480     334   298   508   638
 1481     121    60    62   750
 1482     111    53   113   556
 1483      69    71    70   502
 1484     255   254   487   688
 1485     535   534   731   735
 1486     437   436   504   506
 1487      71   671   709   737
 1488     396   430   734   736
 1489      44    42   587   732
 1490     117    87    57   631
 1491     194   225   165   491
 1492      86   115   152   631
 1493     566   706     7   564
 1494     181   153   155   554
 1495     609   470   707   735
 1496     415   446   414   715
 1497     356   386   636   742
 1498     179   178   151   554
 1499     707   536   493   735
 1500     503   513   590   755
 1501     403   506   640   747
 1502     275   273   274   514
 1503      38    37   682   690
 1504     190   162   192   487
 1505     214   216   514   554
 1506     481   463   627   752
 1507     431   399   400   736
 1508     298   333   332   638
 1509     462   426   616   641
 1510     496   240   508   730
 1511       4    28   686   706
 1512     439   471   607   735
 1513      87   117   116   631
 1514     340   370   734   744
 1515     672   669   709   720
 1516      20   658   660   710
 1517     176   206   496   500
 1518     517   707   735   757
 1519     264   235   496   505
 1520     134   194   132   491
 1521      75    40   553   726
 1522     485   277   490   753
 1523     415   509   636   715
 1524     173   174   496   551
 1525     115   114   152   631
 1526     504   506   517   757
 1527      58   652   654   717
 1528     455   476   529   590
 1529       7   642   725   738
 1530     465   516   627   695
 1531     453   455   546   590
 1532     410   412   721   733
 1533     579   555   580   732
 1534      60   118   631   750
 1535       7   568   577   642
 1536     368   430   394   638
 1537     553    40   661   663
 1538     182   185   184   634
 1539     199   200   233   687
 1540      83   497   500   691
 1541     491   483   495   687
 1542     615   622   640   783
 1543      21    22   642   706
 1544     230   197   231   687
 1545     138   168   136   687
 1546      11    10   699   724
 1547     483   491   494   687
 1548     493   644   639   590
 1549     495   501   512   722
 1550     496   497   500   730
 1551      60   631   637   750
 1552     114   154   554   631
 1553     482   527   693   783
 1554     136   135   498   687
 1555     378   347   305   490
 1556     670   674   686   745
 1557     381   380   511   733
 1558      87   115    55   631
 1559     477   530   531   590
 1560     485   483   554   634
 1561     537   468   707   758
 1562     500   151   178   554
 1563     488   517   716   751
 1564     602   604   718   762
 1565     600   454   704   762
 1566     485   483   514   554
 1567     550   694   705   714
 1568     143   203   142   496
 1569     386   452   416   636
 1570     590   503   685   762
 1571     316   355   509   688
 1572      37   676   682   690
 1573     686   550   714   745
 1574     516   640   747   783
 1575     279   306   485   753
 1576     292   318   256   688
 1577     598   685   723   755
 1578     216   217   514   554
 1579     385   384   415   509
 1580     150   209   112   500
 1581     431   466   516   623
 1582     344   346   375   635
 1583     367   395   552   638
 1584     347   304   490   514
 1585     301   335   334   508
 1586     576    44   587   732
 1587     716   597   721   751
 1588     301   265   237   508
 1589     689   363   742   754
 1590     486   505   515   734
 1591     498    69   502   728
 1592     621   616   641   695
 1593     119   185   183   634
 1594     459   608   610   712
 1595     350   380   411   511
 1596     474   594   596   755
 1597     510   450   594   755
 1598     497   499   556   631
 1599     603   440   605   735
 1600     286   253   484   487
 1601     362   319   494   688
 1602     297   330   505   638
 1603     304   243   245   514
 1604     184   246   182   485
 1605     423   620   626   698
 1606     465   466   516   736
 1607     236   238   265   496
 1608     472   541   547   731
 1609     163   164   192   491
 1610     245   243   215   514
 1611     441   743   751   757
 1612     502   694   728   705
 1613     190   189   162   487
 1614     347   378   377   490
 1615     324   294   494   505
 1616     520   479   522   644
 1617     474   451   544   713
 1618     363   419   742   754
 1619     513   539   549   713
 1620     188   160   161   487
 1621     440   442   548   731
 1622     503   515   557   639
 1623      50    10   651   724
 1624     400   431   736   747
 1625      90    92   123   507
 1626     288   254   289   688
 1627     550   633   686   705
 1628     556   696   749   781
 1629     556   499   632   637
 1630     383   313   353   509
 1631     328   505   638   692
 1632     151   150    86   500
 1633     187   485   252   251
 1634     259   229   494   687
 1635     393   367   552   638
 1636     221   286   484   487
 1637     465   516   624   625
 1638     499   507   643   714
 1639      97   694   705   728
 1640     187   159   220   634
 1641     487   163   491   728
 1642      61    59   656   710
 1643     167   193   194   491
 1644     434   519   521   758
 1645     438   743   757   767
 1646     608   606   701   712
 1647     182   184   485   634
 1648     304   277   347   490
 1649     101    72   102   498
 1650     486   488   510   733
 1651     265   264   496   508
 1652     518   527   693   752
 1653     486   489   509   636
 1654     493   492   515   693
 1655     386   417   452   636
 1656     221   252   222   487
 1657     689   515   740   746
 1658     622   617   640   783
 1659     485   252   487   634
 1660     499   556   632   696
 1661     186   187   219   634
 1662     417   360   418   742
 1663     391   692   740   746
 1664     369   335   336   508
 1665     464   482   693   765
 1666     363   489   689   742
 1667     469   613   719   758
 1668     155   182   181   634
 1669     616   428   621   641
 1670     639   515   698   727
 1671     390   388   689   391
 1672      56    55    15   637
 1673     718   590   723   762
 1674     344   375   504   635
 1675     143   106   173   551
 1676       7   550   555   633
 1677     377   376   375   504
 1678     217   181   485   554
 1679     547   513   548   731
 1680     340   508   635   734
 1681     497    83   556   691
 1682     447   445   593   739
 1683     364   363   489   689
 1684     501   551   711   726
 1685     488   503   510   513
 1686     497   500   554   556
 1687      74   103   498   512
 1688      46   732    45   576
 1689     484   483   485   487
 1690     471   470   609   735
 1691     315   313   314   484
 1692     521   493   523   693
 1693     484   483   486   490
 1694     502    71   709   737
 1695     493   477   521   523
 1696     253   314   285   484
 1697     369   333   638   734
 1698      59   654   656   717
 1699      72    70    71   502
 1700      77    79   551   691
 1701     189   223   188   487
 1702      18    17   558   738
 1703     708   642   710   782
 1704     253   284   286   484
 1705      39   665   667   700
 1706     174   145   176   496
 1707     366   424   422   692
 1708     255   190   191   487
 1709     313   354   484   509
 1710     497   483   499   634
 1711     445   447   713   739
 1712     689   685   557   754
 1713     680    31   705   737
 1714     527   525   693   783
 1715     382   381   511   733
 1716      43    78   726   756
 1717     462   552   641   740
 1718     209   150   149   500
 1719     505   489   515   692
 1720     244   243   242   514
 1721     555     7   576   579
 1722     612   479   644   727
 1723     591   510   592   739
 1724     405   441   603   757
 1725     642    21   706   725
 1726     187   186   157   634
 1727     444   473   541   716
 1728     159   187   157   634
 1729     520   477   538   644
 1730     229   231   494   687
 1731     429   465   516   741
 1732      86    55   115   556
 1733     393   328   367   638
 1734     472   517   599   716
 1735     550   633   705   737
 1736     144   174   173   551
 1737      19   660   710   782
 1738     348   349   490   753
 1739     417   359   360   742
 1740     183   155   119   634
 1741     115    86   556   631
 1742     710    59   717   750
 1743      89   122   120   634
 1744     184   186   219   634
 1745     459   478   644   712
 1746     685   503   723   755
 1747     328   330   331   638
 1748     297   298   330   638
 1749     228   259   494   687
 1750     167   227   491   687
 1751     710   499   717   763
 1752     595   473   597   716
 1753     711   553   726   756
 1754     561     7   563   697
 1755      11   646   649   724
 1756      12    11   699   729
 1757     632   650   717   764
 1758     507   499   708   714
 1759     555   588   589   732
 1760     642   633   686   550
 1761      26    66   714   748
 1762     460   458   698   701
 1763     676   672   669   709
 1764     442   472   517   601
 1765     734   492   744   747
 1766     426   428   616   641
 1767     514   508   635   730
 1768     495   498   501   694
 1769      29   679   705   748
 1770     517   601   751   757
 1771     697    14   729   764
 1772     696   501   711   756
 1773     272   274   514   730
 1774      20    61   708   750
 1775     420   557   702   703
 1776      20    61   658   710
 1777     232   233   200   687
 1778      91    64    92   760
 1779     706   568     7   642
 1780     412   413   721   733
 1781      73   676   690   709
 1782     352   283   484   753
 1783      68    67   705   728
 1784     105    76   726   772
 1785     749    51   773   775
 1786      48    47   691   771
 1787     691   711   768   769
 1788      47    80   711   769
 1789     555   584   585   720
 1790      39   574   700   720
 1791      22    21   642   782
 1792     644   693   727   752
 1793     482   693   765   783
 1794      65   126   643   766
 1795     501   550   555   696
 1796     391   460   458   746
 1797     510   449   591   592
 1798      10    50   699   724
 1799     468   469   613   719
 1800     555   553   700   709
 1801     500   497   551   691
 1802       7   561   578   697
 1803     107   108   551   691
 1804      71    73   502   709
 1805     632    54   648   781
 1806      13    52   749   781
 1807     452   416   636   685
 1808     743   488   751   757
 1809      51    48   691   773
 1810     726    77   768   770
 1811      43    75   553   726
 1812      97   694   728   766
 1813     655   653   711   759
 1814     639   698   712   727
 1815     510   591   721   739
 1816     325   390   365   692
 1817     250   184   219   485
 1818     553    75   659   661
 1819     318   289   256   688
 1820     321   322   323   494
 1821     157   159   634   643
 1822     132   194   131   491
 1823     191   255   487   491
 1824      92    64    24   760
 1825     266   338   302   508
 1826     114   153   180   554
 1827     555     7   580   581
 1828     353   415   414   509
 1829     414   382   509   715
 1830     552   425   692   740
 1831     550   499   708   710
 1832     699   696   724   759
 1833     490   483   492   635
 1834     708    61   710   750
 1835     143   106   551   722
 1836     435   628   640   719
 1837     138   199   198   687
 1838     304   243   514   276
 1839     193   228   226   491
 1840     615   434   619   783
 1841     132    99   133   728
 1842     515   641   695   741
 1843     487   484   491   688
 1844     483   484   486   489
 1845     437   609   630   767
 1846     132   133   498   728
 1847     486   488   503   510
 1848      91    64   760    63
 1849     440   517   731   735
 1850     276   303   514   635
 1851     499   632   717   763
 1852     723   451   598   755
 1853     555   585   586   720
 1854     218   182   246   485
 1855     480   644   727   752
 1856     163   130   728   766
 1857     637   499   717   750
 1858     660   708   710   782
 1859     555     7   582   699
 1860     676   682   690   709
 1861     277   305   490   753
 1862     287   484   487   688
 1863      57    60   631   637
 1864     597   595   716   721
 1865     345   303   276   635
 1866     629   612   610   712
 1867     419   418   742   754
 1868      22   642   706   782
 1869     252   484   485   487
 1870     385   316   355   509
 1871     160   128   161   487
 1872     339   341   340   635
 1873     338   336   302   508
 1874     341   273   343   635
 1875     252   221   484   487
 1876     134   101   135   498
 1877     374   344   504   635
 1878     201   171   496   722
 1879     515   489   689   692
 1880     203   173   172   496
 1881     122   185   120   634
 1882     499   501   550   694
 1883     174   175   172   496
 1884     377   404   504   743
 1885     110   691   771   773
 1886     205   235   204   496
 1887     205   175   236   496
 1888     493   488   517   716
 1889     106    77   551   722
 1890     174   145   496   551
 1891     574   555   589   732
 1892     121    88    89   507
 1893       3    19   660   710
 1894     472   442   517   731
 1895     689   419   363   754
 1896     481   464   752   765
 1897      55    87   631   637
 1898     199   138   169   687
 1899     503   510   513   755
 1900     509   489   688   742
 1901     501   502   512   709
 1902     553   512   690   709
 1903     500   497   554   730
 1904     135   491   498   687
 1905     198   230   168   687
 1906     227   195   228   687
 1907     196   136   168   687
 1908     232   200   234   687
 1909     496   483   505   687
 1910     491   227   494   687
 1911     419   364   689   363
 1912     503   489   636   685
 1913     108   147   551   691
 1914     684   665   700   709
 1915     147   500   551   691
 1916     553   501   555   756
 1917       1     2   650   764
 1918     231   229   230   687
 1919      14     1   648   764
 1920     388   689   391   746
 1921      28     4   583   706
 1922     642   697   710   738
 1923     417   452   636   685
 1924     423   641   698   740
 1925     147   109   110   691
 1926      78    43   726   772
 1927     631   499   637   750
 1928     672   676   671   709
 1929       7   558   559   738
 1930     503   557   685   762
 1931     573   583   633   706
 1932     510   503   636   685
 1933      88    20   507   750
 1934     711    78   726   770
 1935     436   435   506   719
 1936     450   510   636   685
 1937     416   450   636   685
 1938      50   651   653   724
 1939     714    25   745   760
 1940     651    48   711   724
 1941     736   734   744   747
 1942     553   555   700   756
 1943     452   418   454   685
 1944     713   513   739   755
 1945     452   454   598   685
 1946     738   565     7   697
 1947     598   454   600   685
 1948     418   452   417   685
 1949     590   713   723   755
 1950     416   452   596   685
 1951     596   452   598   685
 1952      11   646   724   729
 1953     700   555   732   756
 1954      78   655   711   756
 1955      79    81   691   768
 1956     670   673   675   686
 1957     492   486   515   734
 1958     673     5   675   686
 1959     449   450   510   715
 1960     668     4   686   706
 1961     557   590   718   762
 1962      28     5   673   686
 1963     670   668   673   686
 1964     414   413   382   715
 1965     458   460   698   746
 1966     557   503   590   762
 1967       9    39   700   720
 1968     668     4   673   686
 1969     668   670   674   686
 1970     429   465   627   695
 1971     415   384   449   715
 1972     391   390   692   746
 1973       4    28   673   686
 1974     455   602   718   762
 1975     703   557   718   762
 1976     493   506   640   707
 1977      83   556   691   749
 1978     510   594   739   755
 1979     133    69   498   728
 1980     667     9   700   709
 1981     580   555   699   759
 1982     456   685   754   762
 1983     685   600   723   762
 1984     521   493   693   758
 1985     454   419   754   418
 1986       7   559   569   738
 1987     581   580   699   759
 1988     195   227   167   687
 1989     259   228   195   687
 1990     169   201   199   687
 1991     196   135   136   687
 1992     201   169   170   687
 1993     255   289   254   688
 1994     257   226   292   688
 1995     511   488   733   743
 1996     463   481   528   752
 1997     315   314   317   688
 1998     314   287   317   688
 1999     315   317   316   688
 2000     356   316   357   688
 2001     319   361   291   688
 2002     411   409   511   743
 2003     411   511   733   743
 2004     316   356   355   688
 2005     362   361   319   688
 2006     107   109   108   691
 2007      78   726   770   772
 2008     627   481   752   765
 2009     508   369   638   734
 2010     542   474   543   713
 2011     701   606   702   712
 2012     447   448   549   713
 2013     448   474   542   713
 2014      66    65   714   766
 2015      49    50   724   759
 2016     680   681   737   761
 2017     390   689   692   746
 2018     171   142   496   722
 2019      50   699   724   759
 2020      45    46   657   759
 2021     477   526   528   693
 2022     484   486   511   753
 2023     248   280   485   753
 2024     249   248   485   753
 2025     518   477   528   693
 2026     486   490   511   753
 2027     477   524   526   693
 2028     118   121   631   750
 2029     497   501   691   696
 2030     349   350   511   753
 2031     477   518   527   693
 2032      60    58    59   750
 2033     501   499   550   696
 2034     129   163   487   766
 2035     499   497   556   696
 2036     484   485   490   753
 2037     525   477   527   693
 2038     465   429   736   741
 2039     523   477   525   693
 2040     487   163   728   766
 2041     732    45   756   759
 2042      97    96   694   766
 2043      96    66   714   766
 2044     711   696   756   759
 2045     655   711   756   759
 2046      46   655   657   759
 2047     711   653   724   759
 2048      88    61    20   750
 2049     616   641   695   727
 2050     446   449   510   715
 2051     743   504   757   767
 2052      14    12   699   729
 2053     450   384   636   715
 2054     268   269   508   730
 2055     695   618   727   752
 2056     394   552   638   741
 2057       1    14   697   764
 2058     166   131   491   728
 2059      41   663   665   700
 2060     429   430   736   741
 2061     702   557   712   718
 2062     659   553   661   756
 2063     466   431   516   747
 2064      61    20   708   710
 2065     413   715   721   733
 2066     491   498   694   728
 2067     684   553   690   700
 2068     382   413   381   733
 2069     560     7   642   725
 2070     506   640   707   719
 2071     163   166   491   728
 2072     445   713   716   739
 2073     551   501   722   726
 2074     552   515   638   734
 2075      92   123   507   760
 2076     648   632   729   764
 2077     706   642   745   782
 2078      69    33   502   705
 2079     509   486   636   715
 2080     697   632   763   764
 2081     509   382   511   715
 2082     642   710   725   738
 2083     653   651   711   724
 2084     646   724   729   749
 2085      48    51   691   749
 2086     642    21   725   782
 2087     510   450   636   715
 2088     446   415   449   715
 2089      67    31    32   705
 2090      32    68    67   705
 2091      32    69    68   705
 2092     642     7   697   738
 2093      67    29    31   705
 2094      18   558   725   738
 2095      69    32    33   705
 2096     559    17   569   738
 2097      29    67    97   705
 2098      31   679   680   705
 2099      31    29   679   705
 2100     652    16   763   764
 2101      19    21   662   782
 2102      43    75   726   774
 2103     573     5   583   706
 2104     566    22   568   706
 2105      22    21   568   706
 2106      49   653   655   759
 2107     579   732    46   576
 2108     609   470   611   707
 2109     386   417   636   742
 2110     470   468   611   707
 2111     633   586    34   720
 2112     705   680   737   761
 2113     555   575   584   720
 2114      77    79   691   768
 2115     468   470   537   707
 2116     734   399   396   736
 2117     356   417   386   742
 2118      36     9   709   720
 2119     359   361   360   742
 2120     640   493   707   758
 2121     555   696   699   759
 2122     470   536   537   707
 2123     400   399   734   736
 2124      42   661   700   732
 2125     617   619   623   783
 2126      41    42   700   732
 2127     732   579    46   759
 2128      46    49   655   759
 2129     726    76   770   772
 2130     384   450   449   715
 2131     553    43   726   756
 2132     621   618   695   752
 2133     412   413   593   721
 2134     676   667   682   709
 2135      73   671   676   709
 2136       9   667   669   709
 2137      36     9   669   709
 2138      73    71   671   709
 2139     667   684   682   709
 2140     684   667   665   709
 2141     608   606   712   718
 2142     523   433   758   783
 2143      47    80   653   711
 2144     711    80   768   769
 2145     715   510   721   733
 2146     448   447   592   739
 2147     651    47   653   711
 2148     486   510   715   733
 2149     515   639   693   727
 2150     591   593   721   739
 2151      48    47   651   711
 2152     612   644   712   727
 2153     591   447   593   739
 2154     447   591   592   739
 2155     448   592   594   739
 2156     724   696   729   749
 2157     102    74   512   778
 2158      26    65    25   714
 2159     515   698   740   746
 2160     515   557   698   746
 2161     740   391   460   422
 2162     679   680   705   761
 2163      65    26    66   714
 2164     421   388   458   746
 2165     664   678   683   782
 2166     571   572   633   761
 2167     675   679   748   761
 2168     556   497   691   749
 2169       5   675   686   761
 2170     691   497   696   749
 2171     711   696   724   749
 2172     691   696   711   749
 2173     593   445   595   716
 2174     576   555   579   732
 2175     473   539   540   716
 2176     473   445   539   716
 2177     431   466   736   747
 2178     492   516   640   747
 2179     476   604   606   718
 2180     476   455   604   718
 2181     530   476   531   718
 2182     606   604   702   718
 2183     656   710   717   763
 2184     455   602   604   718
 2185     457   606   608   718
 2186     702   604   703   718
 2187     697   499   710   763
 2188     459   457   608   718
 2189      35    36   672   720
 2190     585    36    35   720
 2191      36   585   584   720
 2192     584     9    36   720
 2193      36   669   672   720
 2194      35    34   585   720
 2195      34    35   672   720
 2196       9   584   575   720
 2197     585    34   586   720
 2198     717   652   763   764
 2199     574     9   575   720
 2200     586   633    34   570
 2201      39     9   574   720
 2202     570   633    34     8
 2203     693   695   727   752
 2204     492   515   516   734
 2205     413   446   591   721
 2206     505   508   638   734
 2207     495   201   496   722
 2208      74   103   512   722
 2209     104    74   512   722
 2210     495   201   170   687
 2211     201   495   170   722
 2212     170   495   687   169
 2213      76   106   141   722
 2214     141   105    76   722
 2215     142   141   106   722
 2216     140   141   142   722
 2217     105   141   140   722
 2218     106    76    77   722
 2219     142   106   143   722
 2220     142   170   140   722
 2221     104   140   139   722
 2222     169   139   140   722
 2223     104   105   140   722
 2224     142   201   170   722
 2225     140   170   169   722
 2226     201   142   171   722
 2227      74   139   103   722
 2228     139    74   104   722
 2229      51    48   649   724
 2230      49    50   653   724
 2231      91    92   507   760
 2232      64   708   745   760
 2233       3    18   560   725
 2234      19     3   560   725
 2235      19   560   577   725
 2236      21    19   568   725
 2237     568    19   577   725
 2238     551    77   691   726
 2239      81   691   768   769
 2240     551   691   711   726
 2241     691    48   771   773
 2242      43   726   772   774
 2243      82    51   749   775
 2244     616   620   641   727
 2245     621   616   695   727
 2246     618   621   695   727
 2247     350   309   511   753
 2248     349   511   743   753
 2249     626   612   698   727
 2250     620   626   698   727
 2251     461   614   618   727
 2252     479   612   614   727
 2253     620   618   614   727
 2254     480   461   618   727
 2255     461   479   614   727
 2256     307   348   490   753
 2257     618   620   616   727
 2258     618   616   621   727
 2259     490   349   743   753
 2260     486   484   490   753
 2261     614   612   620   727
 2262     620   612   626   727
 2263      97    98   130   728
 2264     504   437   506   767
 2265     757   707   506   517
 2266     609   707   719   767
 2267     735   607   757   767
 2268     241   242   514   730
 2269     149   209   500   730
 2270     209   208   500   730
 2271     240   267   508   730
 2272     178   149   554   730
 2273     213   178   554   730
 2274     500   240   208   206
 2275     270   210   211   730
 2276     269   270   211   730
 2277     239   210   270   730
 2278     211   210   212   730
 2279     269   211   272   730
 2280     270   269   239   730
 2281     241   272   211   730
 2282     212   241   211   730
 2283     210   239   207   730
 2284     272   339   269   730
 2285     268   239   269   730
 2286     272   241   274   730
 2287     339   272   271   730
 2288     241   212   213   730
 2289     241   213   214   730
 2290     210   149   212   730
 2291     208   210   207   730
 2292     239   267   207   730
 2293     212   149   213   730
 2294     241   214   242   730
 2295     149   210   209   730
 2296     208   207   240   730
 2297     209   210   208   730
 2298     267   240   207   730
 2299     213   149   178   730
 2300     240   500   208   730
 2301      42    41   588   732
 2302     607   605   735   757
 2303      64    63   708   760
 2304     588    41   589   732
 2305     605   603   735   757
 2306      41   574   589   732
 2307      93    94   643   760
 2308      41    39   574   732
 2309      63   507   708   760
 2310     636   417   685   742
 2311     489   509   636   742
 2312     417   418   685   742
 2313      34     8   633   737
 2314     398   397   369   734
 2315     401   398   336   734
 2316     401   399   398   734
 2317      33   502   705   737
 2318     396   368   397   734
 2319     398   369   336   734
 2320     368   369   397   734
 2321     401   336   337   734
 2322     399   401   400   734
 2323     368   396   430   734
 2324     369   368   333   734
 2325     370   337   340   734
 2326     706   666   782   745
 2327     431   466   399   736
 2328     396   466   465   736
 2329     674   668   686   745
 2330     396   465   429   736
 2331     668   666   706   745
 2332     356   509   688   742
 2333     362   361   489   742
 2334     604   703   718   762
 2335     420   456   754   762
 2336     672   671   677   737
 2337     671    33   677   737
 2338      34   677   681   737
 2339     677    32   681   737
 2340      71    33   671   737
 2341      33    32   677   737
 2342      34   672   677   737
 2343       8    34   681   737
 2344      32    31   681   737
 2345      31   680   681   737
 2346     454   600   685   762
 2347     456   454   685   762
 2348      16     2   569   738
 2349     632   717   763   764
 2350     729   648    14   647
 2351       1   697   738   764
 2352       2   567   569   738
 2353     516   623   624   765
 2354       2   565   567   738
 2355       2     1   565   738
 2356     423   422   424   740
 2357     422   423   460   740
 2358     492   506   744   747
 2359     425   423   424   740
 2360     423   425   462   740
 2361     638   552   734   741
 2362     430   394   638   741
 2363     368   638   734   741
 2364     430   368   734   741
 2365     368   430   638   741
 2366     394   429   428   741
 2367     427   394   428   741
 2368     394   430   429   741
 2369     427   428   426   741
 2370     419   418   360   742
 2371     358   356   357   742
 2372     361   359   358   742
 2373     362   360   361   742
 2374     363   419   360   742
 2375     363   360   362   742
 2376     406   407   405   743
 2377     348   409   407   743
 2378     348   407   406   743
 2379     528   518   693   752
 2380     404   406   405   743
 2381     348   406   378   743
 2382     406   377   378   743
 2383     438   404   405   743
 2384     377   406   404   743
 2385     686   670   745   748
 2386     686   550   705   748
 2387      25   714   745   748
 2388     550   686   714   748
 2389     372   342   373   744
 2390     467   482   765   783
 2391     662    21   664   782
 2392     668   678   666   745
 2393     623   624   765   783
 2394     640   516   693   783
 2395     696   632   729   749
 2396     693   523   758   783
 2397     516   623   765   783
 2398     640   693   758   783
 2399     402   744   371   747
 2400     403   371   744   747
 2401     400   432   431   747
 2402     431   432   617   747
 2403     432   400   402   747
 2404     431   617   623   747
 2405     432   402   371   747
 2406     403   432   371   747
 2407      97    27    29   748
 2408      29    27   675   748
 2409      27   670   675   748
 2410      27    97    96   748
 2411      29   675   679   748
 2412      27    26   670   748
 2413      66    27    96   748
 2414      27    66    26   748
 2415      26    25   670   748
 2416     670    25   674   748
 2417     649    51   724   749
 2418     646   649   724   749
 2419     512   104   726   776
 2420      52    82   645   749
 2421     678   666   745   782
 2422     645    82   646   749
 2423      13    52   645   749
 2424      82    51   646   749
 2425      13   645   647   749
 2426     646    51   649   749
 2427     121   118    60   750
 2428     408   443   599   751
 2429     408   599   601   751
 2430     707   468   719   758
 2431     643   694   714   766
 2432     409   411   408   751
 2433     443   597   599   751
 2434     468   469   719   758
 2435     443   410   597   751
 2436     463   480   618   752
 2437     463   618   621   752
 2438     524   463   526   752
 2439     526   463   528   752
 2440     464   518   528   752
 2441     480   463   524   752
 2442     518   464   527   752
 2443     464   693   527   752
 2444     280   279   485   753
 2445     308   309   349   753
 2446     281   309   308   753
 2447     312   309   310   753
 2448     281   310   309   753
 2449     349   309   350   753
 2450     307   281   308   753
 2451     349   307   308   753
 2452     248   312   310   753
 2453     309   312   311   753
 2454     281   248   310   753
 2455     281   307   306   753
 2456     348   307   349   753
 2457     307   277   306   753
 2458     312   248   249   753
 2459     352   311   312   753
 2460     248   281   280   753
 2461     279   281   306   753
 2462     277   307   305   753
 2463     312   283   352   753
 2464     312   282   283   753
 2465     249   282   312   753
 2466     281   279   280   753
 2467     451   596   598   755
 2468     594   416   596   755
 2469     451   723   598   475
 2470     450   416   594   755
 2471      30     6   680   761
 2472      25    65    24   760
 2473      93    92    94   760
 2474      24    64   745   760
 2475     655    78   657   756
 2476     657    43   659   756
 2477      45   657   659   756
 2478      78    43   657   756
 2479     708   714   745   760
 2480      44   659   661   756
 2481      44    45   659   756
 2482     109   110   691   771
 2483     433   434   523   758
 2484     469   468   519   758
 2485     469   434   615   758
 2486     519   468   537   758
 2487     613   469   615   758
 2488      49   579   580   759
 2489      49   580   581   759
 2490      50    49   581   759
 2491       5    30   679   761
 2492     680     8   681   761
 2493       6    30   571   761
 2494     675     5   679   761
 2495      30     5   573   761
 2496     571    30   572   761
 2497     572    30   573   761
 2498     456   703   704   762
 2499     454   456   704   762
 2500     604   704   703   762
 2501     704   604   602   762
 2502     456   420   703   762
 2503     695   627   752   765
 2504     658     3   710   763
 2505       3    18   725   763
 2506     710     3   725   763
 2507     652    16   654   763
 2508     654    17   656   763
 2509     516   624   625   765
 2510      16    17   654   763
 2511      17    18   656   763
 2512     656    18   658   763
 2513      18     3   658   763
 2514     648   729    14   764
 2515     650     2   652   764
 2516       2    16   652   764
 2517     467   482   624   765
 2518     482   464   625   765
 2519     464   481   625   765
 2520     625   481   627   765
 2521     714   694   748   766
 2522      96   714   748   766
 2523     694    96   748   766
 2524     714    65   760   766
 2525     643   714   760   766
 2526      65   643   760   766
 2527     130    97   728   766
 2528     127    96    95   766
 2529      95   128   127   766
 2530     128    95   129   766
 2531      96   127    66   766
 2532     127    65    66   766
 2533     128   126   127   766
 2534      95   163   129   766
 2535      65   127   126   766
 2536      96    97    95   766
 2537     126   128   125   766
 2538     163    95   130   766
 2539     130    95    97   766
 2540     436   437   630   767
 2541     768   726   711   691
 2542     726   768   711   770
 2543      80   711   768   770
 2544      80    78   711   770
 2545     726   105   772   774
 2546     690   512   776   778
 2547     691   749   773   775
 2548      23    22   706   782
 2549     104   105   726   774
 2550     749    82   775   777
 2551      63    64   708   782
 2552     691    83   749   775
 2553     726   104   774   776
 2554     512    40   690   776
 2555     660    19   662   782
 2556      75    40   726   776
 2557      75   726   774   776
 2558      40   512   553   776
 2559     553   512   726   776
 2560      40   553   726   776
 2561      72   102   502   780
 2562     512   102   778   780
 2563      15    54   632   781
 2564     647    13   749   781
 2565      40    38   690   778
 2566      40   690   776   778
 2567     632   729   749   781
 2568     632   647   729   781
 2569     666   706   782    23
 2570      19   710   725   782
 2571      38    37   690   780
 2572      38   690   778   780
 2573      73   502   690   780
 2574      37    73   690   780
 2575     502   512   690   780
 2576     690   512   778   780
 2577     775   749   777   781
 2578      84    53   556   781
 2579      83   556   749   781
 2580      83    84   556   781
 2581      53    85   556   781
 2582     632   556   637   781
 2583      15   632   637   781
 2584      83   749   775   781
 2585      85    55   556   781
 2586      55    15   637   781
 2587     556    55   637   781
 2588      52    13   779   781
 2589      13    54   779   781
 2590      54    13   647   781
 2591     777    52   779   781
 2592      53   777   779   781
 2593      54    85   779   781
 2594      54   647   648   781
 2595      84   775   777   781
 2596      53    84   777   781
 2597      85    53   779   781
 2598      15    85    54   781
 2599      84    83   775   781
 2600      85    15    55   781
 2601      64    63   683   782
 2602     678    64   683   782
 2603      63    20   660   782
 2604      21    22   664   782
 2605     664    22   666   782
 2606     664   666   678   782
 2607      22    23   666   782
 2608     623   467   624   783
 2609     434   433   619   783
 2610     467   433   523   783
 2611     622   619   617   783
 2612     482   467   525   783
 2613     467   523   525   783
 2614     482   525   527   783
# Generated by tetgen -pq test.stl 
